25302.478159,0.144897,-1.050507,-0.018112
25302.488214,0.126785,-1.050507,0.018112
25302.498344,0.181122,-1.104843,0.072449
25302.508746,0.126785,-1.068619,0.072449
25302.518534,0.018112,-1.050507,0.036224
25302.528629,-0.090561,-1.050507,-0.090561
25302.538830,-0.126785,-1.032394,-0.144897
25302.548738,-0.090561,-1.068619,-0.108673
25302.558744,-0.054337,-1.122955,-0.163010
25302.569597,-0.054337,-1.086731,-0.217346
25302.578898,0.054337,-1.068619,-0.163010
25302.589292,0.072449,-1.050507,-0.181122
25302.599055,0.072449,-1.032394,-0.199234
25302.610287,0.036224,-0.959946,-0.144897
25302.620228,0.036224,-0.959946,-0.144897
25302.630466,-0.018112,-0.978058,-0.018112
25302.640899,-0.072449,-1.032394,-0.018112
25302.649660,-0.163010,-1.014282,-0.090561
25302.660875,-0.199234,-1.014282,-0.072449
25302.670978,-0.144897,-1.050507,-0.090561
25302.681238,-0.072449,-1.086731,-0.036224
25302.690111,-0.036224,-1.086731,-0.036224
25302.700186,0.018112,-1.104843,-0.090561
25302.711392,0.072449,-1.104843,-0.072449
25302.720645,0.054337,-1.086731,-0.072449
25302.731335,0.054337,-1.086731,-0.072449
25302.741778,0.000000,-1.014282,-0.036224
25302.751595,-0.072449,-1.014282,-0.036224
25302.762082,-0.072449,-1.032394,-0.036224
25302.771272,-0.072449,-1.050507,-0.054337
25302.781631,-0.090561,-1.050507,-0.054337
25302.792289,-0.108673,-1.068619,0.000000
25302.801184,-0.126785,-1.086731,-0.054337
25302.812387,-0.054337,-1.068619,-0.072449
25302.822573,-0.108673,-0.996170,-0.072449
25302.831834,-0.054337,-1.050507,-0.108673
25302.842030,-0.072449,-1.050507,-0.054337
25302.851709,-0.090561,-0.996170,-0.090561
25302.861758,-0.072449,-0.978058,-0.090561
25302.871846,-0.018112,-1.068619,-0.090561
25302.882031,0.000000,-1.032394,-0.072449
25302.892070,-0.018112,-1.086731,-0.090561
25302.902144,-0.018112,-1.104843,-0.090561
25302.912220,-0.018112,-1.050507,-0.108673
25302.922336,-0.036224,-1.068619,-0.090561
25302.932401,-0.036224,-1.068619,-0.090561
25302.943838,-0.072449,-1.014282,-0.072449
25302.953286,-0.072449,-1.068619,-0.090561
25302.963806,-0.126785,-1.050507,-0.018112
25302.973899,-0.036224,-1.086731,-0.090561
25302.983121,-0.054337,-1.086731,-0.054337
25302.994254,-0.090561,-1.014282,-0.072449
25303.004333,-0.054337,-1.050507,-0.072449
25303.014308,-0.090561,-1.050507,-0.090561
25303.023600,-0.108673,-1.032394,-0.036224
25303.034436,-0.108673,-1.014282,-0.108673
25303.044555,-0.072449,-1.050507,-0.090561
25303.054778,-0.090561,-1.050507,-0.036224
25303.064810,-0.072449,-1.068619,-0.108673
25303.074866,-0.090561,-1.050507,-0.126785
25303.084963,-0.126785,-1.032394,-0.036224
25303.095227,-0.054337,-1.086731,-0.018112
25303.104291,-0.126785,-1.014282,-0.036224
25303.115448,-0.036224,-1.086731,-0.090561
25303.125418,-0.090561,-1.068619,-0.108673
25303.135362,-0.054337,-1.068619,-0.072449
25303.145543,-0.054337,-1.068619,-0.054337
25303.155666,-0.036224,-1.068619,-0.036224
25303.165776,-0.036224,-1.068619,-0.054337
25303.175934,-0.018112,-1.050507,-0.090561
25303.185963,-0.036224,-1.068619,-0.108673
25303.196187,-0.054337,-1.050507,-0.054337
25303.206173,-0.090561,-0.996170,-0.090561
25303.215572,-0.036224,-1.068619,-0.090561
25303.226352,-0.018112,-1.068619,-0.054337
25303.236494,-0.036224,-1.068619,-0.072449
25303.246797,-0.054337,-1.068619,-0.054337
25303.256685,-0.054337,-1.032394,-0.108673
25303.267048,-0.090561,-1.068619,-0.036224
25303.276897,-0.054337,-1.068619,-0.036224
25303.287031,-0.054337,-1.050507,-0.054337
25303.296783,-0.090561,-1.032394,-0.108673
25303.307187,-0.054337,-1.050507,-0.108673
25303.317312,-0.054337,-1.068619,-0.054337
25303.327330,-0.108673,-1.032394,-0.108673
25303.337545,-0.036224,-1.086731,-0.108673
25303.347648,-0.054337,-1.086731,-0.108673
25303.358456,-0.054337,-1.068619,-0.090561
25303.367903,-0.018112,-1.068619,-0.108673
25303.378099,-0.072449,-1.086731,-0.054337
25303.387285,-0.036224,-1.068619,-0.072449
25303.397096,-0.090561,-1.014282,-0.108673
25303.407557,-0.108673,-1.014282,-0.090561
25303.417666,-0.108673,-1.050507,-0.144897
25303.427319,-0.054337,-1.068619,-0.072449
25303.438651,-0.054337,-1.068619,-0.090561
25303.448472,-0.126785,-1.014282,-0.126785
25303.458777,-0.054337,-1.068619,-0.072449
25303.468211,-0.072449,-1.050507,-0.054337
25303.479051,-0.072449,-1.068619,-0.072449
25303.489193,-0.108673,-1.014282,-0.108673
25303.499442,-0.036224,-1.068619,-0.090561
25303.509399,-0.054337,-1.086731,-0.072449
25303.519139,-0.036224,-1.086731,-0.072449
25303.529534,-0.126785,-1.014282,-0.090561
25303.539661,-0.054337,-1.068619,-0.144897
25303.550327,-0.036224,-1.068619,-0.072449
25303.559977,-0.108673,-1.032394,-0.126785
25303.570083,-0.036224,-1.068619,-0.072449
25303.580191,-0.090561,-1.014282,-0.126785
25303.590379,-0.090561,-1.032394,-0.108673
25303.599453,-0.072449,-1.032394,-0.108673
25303.610451,-0.072449,-1.032394,-0.108673
25303.620589,-0.036224,-1.032394,-0.072449
25303.630653,-0.072449,-1.014282,-0.126785
25303.640918,-0.090561,-1.068619,-0.108673
25303.650915,-0.072449,-1.032394,-0.126785
25303.661044,-0.108673,-1.032394,-0.144897
25303.671173,-0.072449,-1.086731,-0.108673
25303.681419,-0.054337,-1.068619,-0.090561
25303.691605,-0.054337,-1.050507,-0.090561
25303.701369,-0.090561,-1.014282,-0.108673
25303.711641,-0.072449,-1.050507,-0.090561
25303.721691,-0.072449,-1.086731,-0.072449
25303.731804,-0.108673,-1.014282,-0.126785
25303.742464,-0.072449,-1.068619,-0.072449
25303.752002,-0.108673,-1.032394,-0.144897
25303.762284,-0.054337,-1.086731,-0.108673
25303.772194,-0.054337,-1.086731,-0.090561
25303.782436,-0.054337,-1.068619,-0.090561
25303.791990,-0.090561,-1.050507,-0.090561
25303.802575,-0.144897,-1.032394,-0.144897
25303.812541,-0.072449,-1.068619,-0.108673
25303.822752,-0.054337,-1.014282,-0.126785
25303.832857,-0.108673,-0.978058,-0.163010
25303.842853,-0.090561,-1.032394,-0.108673
25303.852933,-0.036224,-1.068619,-0.072449
25303.863044,-0.036224,-1.068619,-0.144897
25303.873146,-0.072449,-0.996170,-0.126785
25303.883327,-0.054337,-1.068619,-0.126785
25303.892233,-0.054337,-1.086731,-0.144897
25303.902651,-0.054337,-1.086731,-0.144897
25303.913533,-0.090561,-1.050507,-0.144897
25303.923603,-0.108673,-1.050507,-0.108673
25303.933151,-0.072449,-1.014282,-0.108673
25303.943951,-0.036224,-1.086731,-0.108673
25303.954071,-0.072449,-1.032394,-0.072449
25303.963994,-0.072449,-1.032394,-0.108673
25303.974235,-0.090561,-1.032394,-0.108673
25303.984197,-0.090561,-1.032394,-0.090561
25303.994289,-0.090561,-1.032394,-0.108673
25304.003950,-0.108673,-1.014282,-0.163010
25304.014564,-0.126785,-1.014282,-0.144897
25304.024554,-0.126785,-1.032394,-0.144897
25304.034673,-0.090561,-1.014282,-0.144897
25304.044413,-0.054337,-1.014282,-0.126785
25304.054846,-0.036224,-1.086731,-0.090561
25304.064994,-0.072449,-1.086731,-0.108673
25304.074824,-0.126785,-1.014282,-0.163010
25304.085182,-0.072449,-1.068619,-0.126785
25304.095523,-0.108673,-1.032394,-0.144897
25304.105579,-0.126785,-0.996170,-0.144897
25304.115283,-0.072449,-1.050507,-0.072449
25304.125505,-0.126785,-1.014282,-0.108673
25304.135683,-0.090561,-1.014282,-0.144897
25304.145991,-0.090561,-1.050507,-0.144897
25304.155228,-0.108673,-1.014282,-0.108673
25304.165977,-0.126785,-1.014282,-0.126785
25304.175997,-0.054337,-1.050507,-0.163010
25304.186276,-0.054337,-1.068619,-0.108673
25304.196030,-0.072449,-1.050507,-0.126785
25304.206310,-0.090561,-1.068619,-0.144897
25304.216420,-0.072449,-1.086731,-0.126785
25304.226523,-0.072449,-1.032394,-0.108673
25304.236054,-0.108673,-1.032394,-0.108673
25304.246740,-0.090561,-1.050507,-0.108673
25304.256849,-0.054337,-1.050507,-0.090561
25304.266998,-0.108673,-1.014282,-0.144897
25304.276816,-0.090561,-1.068619,-0.144897
25304.287153,-0.108673,-1.050507,-0.108673
25304.297418,-0.072449,-1.086731,-0.126785
25304.307364,-0.072449,-1.086731,-0.144897
25304.317047,-0.072449,-1.086731,-0.090561
25304.327609,-0.090561,-1.050507,-0.144897
25304.337677,-0.090561,-1.050507,-0.090561
25304.347806,-0.072449,-1.068619,-0.108673
25304.357300,-0.072449,-1.050507,-0.144897
25304.368027,-0.072449,-1.068619,-0.072449
25304.378207,-0.108673,-1.014282,-0.144897
25304.387297,-0.090561,-1.050507,-0.163010
25304.397603,-0.108673,-1.014282,-0.163010
25304.407314,-0.090561,-1.050507,-0.108673
25304.418104,-0.072449,-1.068619,-0.108673
25304.428652,-0.072449,-1.068619,-0.090561
25304.437930,-0.054337,-1.068619,-0.126785
25304.448320,-0.144897,-1.032394,-0.090561
25304.458939,-0.108673,-1.014282,-0.126785
25304.469273,-0.108673,-1.014282,-0.144897
25304.478294,-0.090561,-1.032394,-0.163010
25304.489236,-0.054337,-1.068619,-0.163010
25304.499589,-0.108673,-1.014282,-0.144897
25304.509516,-0.126785,-1.050507,-0.108673
25304.518632,-0.090561,-1.068619,-0.108673
25304.529611,-0.108673,-1.032394,-0.144897
25304.539174,-0.108673,-0.996170,-0.126785
25304.549922,-0.072449,-1.032394,-0.181122
25304.558933,-0.072449,-1.032394,-0.181122
25304.570051,-0.090561,-1.050507,-0.144897
25304.580156,-0.108673,-0.996170,-0.144897
25304.590377,-0.108673,-1.050507,-0.163010
25304.599442,-0.108673,-1.014282,-0.163010
25304.610456,-0.072449,-1.068619,-0.108673
25304.620584,-0.090561,-1.050507,-0.144897
25304.630708,-0.090561,-1.014282,-0.144897
25304.641001,-0.054337,-1.068619,-0.108673
25304.650958,-0.072449,-1.068619,-0.108673
25304.661056,-0.090561,-1.050507,-0.090561
25304.671201,-0.072449,-1.068619,-0.072449
25304.681483,-0.108673,-1.014282,-0.144897
25304.691511,-0.108673,-1.014282,-0.126785
25304.701516,-0.108673,-1.014282,-0.144897
25304.711623,-0.126785,-0.996170,-0.126785
25304.721750,-0.072449,-1.050507,-0.144897
25304.732021,-0.054337,-1.032394,-0.163010
25304.741967,-0.108673,-1.014282,-0.144897
25304.752115,-0.108673,-1.032394,-0.163010
25304.762365,-0.054337,-1.068619,-0.181122
25304.772298,-0.090561,-1.068619,-0.108673
25304.782378,-0.072449,-1.086731,-0.090561
25304.792570,-0.054337,-1.068619,-0.163010
25304.802746,-0.072449,-1.068619,-0.126785
25304.812702,-0.108673,-1.014282,-0.144897
25304.822777,-0.072449,-1.050507,-0.144897
25304.832948,-0.126785,-1.050507,-0.126785
25304.842966,-0.126785,-1.032394,-0.090561
25304.853080,-0.090561,-1.068619,-0.108673
25304.863178,-0.144897,-1.014282,-0.126785
25304.873283,-0.090561,-1.032394,-0.072449
25304.883642,-0.054337,-1.068619,-0.144897
25304.892358,-0.054337,-1.068619,-0.144897
25304.902485,-0.108673,-1.032394,-0.108673
25304.913723,-0.108673,-1.050507,-0.090561
25304.923796,-0.072449,-1.050507,-0.126785
25304.932890,-0.126785,-1.014282,-0.126785
25304.944114,-0.090561,-1.050507,-0.090561
25304.954284,-0.054337,-1.050507,-0.126785
25304.964276,-0.108673,-0.996170,-0.144897
25304.974506,-0.108673,-1.014282,-0.144897
25304.984358,-0.054337,-1.086731,-0.090561
25304.994510,-0.072449,-1.068619,-0.090561
25305.004739,-0.126785,-1.032394,-0.090561
25305.014814,-0.108673,-1.014282,-0.108673
25305.024752,-0.072449,-1.068619,-0.108673
25305.034869,-0.126785,-0.996170,-0.126785
25305.044959,-0.126785,-0.996170,-0.163010
25305.055056,-0.072449,-1.068619,-0.108673
25305.065179,-0.090561,-1.032394,-0.108673
25305.074804,-0.108673,-1.014282,-0.163010
25305.085365,-0.126785,-0.996170,-0.144897
25305.095627,-0.090561,-1.050507,-0.090561
25305.105553,-0.108673,-0.996170,-0.126785
25305.115756,-0.126785,-1.014282,-0.144897
25305.125836,-0.126785,-1.014282,-0.108673
25305.135945,-0.126785,-0.996170,-0.126785
25305.145971,-0.144897,-1.014282,-0.108673
25305.156065,-0.072449,-1.086731,-0.163010
25305.166226,-0.144897,-1.032394,-0.090561
25305.176285,-0.126785,-1.068619,-0.108673
25305.186382,-0.090561,-1.050507,-0.090561
25305.196238,-0.144897,-0.996170,-0.108673
25305.206590,-0.144897,-1.014282,-0.126785
25305.216705,-0.144897,-1.014282,-0.163010
25305.226819,-0.108673,-1.014282,-0.163010
25305.236888,-0.108673,-0.978058,-0.163010
25305.247083,-0.090561,-1.032394,-0.126785
25305.257116,-0.108673,-1.050507,-0.108673
25305.267290,-0.108673,-0.996170,-0.144897
25305.277303,-0.072449,-1.050507,-0.181122
25305.287429,-0.108673,-1.032394,-0.108673
25305.297637,-0.072449,-1.050507,-0.108673
25305.307660,-0.126785,-1.014282,-0.126785
25305.317756,-0.108673,-1.014282,-0.126785
25305.327907,-0.072449,-1.086731,-0.108673
25305.338000,-0.126785,-1.014282,-0.163010
25305.348261,-0.072449,-1.086731,-0.090561
25305.358226,-0.108673,-1.032394,-0.108673
25305.368352,-0.144897,-1.014282,-0.144897
25305.378678,-0.090561,-1.032394,-0.126785
25305.387407,-0.108673,-1.050507,-0.108673
25305.397527,-0.090561,-1.068619,-0.144897
25305.407576,-0.126785,-1.014282,-0.163010
25305.418804,-0.126785,-1.014282,-0.199234
25305.428875,-0.072449,-1.086731,-0.144897
25305.438981,-0.036224,-1.050507,-0.108673
25305.448747,-0.126785,-1.014282,-0.181122
25305.459216,-0.072449,-1.086731,-0.108673
25305.469444,-0.090561,-1.068619,-0.108673
25305.479393,-0.090561,-1.050507,-0.090561
25305.489534,-0.090561,-1.032394,-0.108673
25305.499738,-0.072449,-1.050507,-0.181122
25305.509843,-0.090561,-1.050507,-0.108673
25305.520115,-0.054337,-1.068619,-0.163010
25305.530003,-0.072449,-1.050507,-0.181122
25305.540281,-0.072449,-1.068619,-0.126785
25305.550236,-0.090561,-1.068619,-0.144897
25305.560326,-0.072449,-1.086731,-0.144897
25305.570450,-0.090561,-1.050507,-0.144897
25305.580575,-0.108673,-1.014282,-0.181122
25305.590692,-0.090561,-1.050507,-0.108673
25305.600945,-0.126785,-1.014282,-0.144897
25305.610766,-0.072449,-1.050507,-0.144897
25305.620989,-0.108673,-1.032394,-0.108673
25305.631014,-0.072449,-1.068619,-0.144897
25305.641291,-0.108673,-1.014282,-0.181122
25305.651428,-0.126785,-1.014282,-0.163010
25305.661427,-0.072449,-1.068619,-0.163010
25305.671547,-0.108673,-1.014282,-0.163010
25305.681825,-0.090561,-1.086731,-0.108673
25305.691865,-0.072449,-1.050507,-0.108673
25305.701943,-0.090561,-1.050507,-0.108673
25305.711962,-0.144897,-1.014282,-0.144897
25305.722121,-0.054337,-1.068619,-0.126785
25305.732267,-0.144897,-0.996170,-0.144897
25305.742326,-0.108673,-1.050507,-0.126785
25305.752424,-0.090561,-1.014282,-0.126785
25305.762611,-0.126785,-1.014282,-0.181122
25305.772621,-0.108673,-1.050507,-0.126785
25305.782777,-0.126785,-1.032394,-0.108673
25305.792880,-0.126785,-1.014282,-0.108673
25305.803083,-0.072449,-1.068619,-0.108673
25305.813092,-0.144897,-0.996170,-0.126785
25305.822504,-0.036224,-1.068619,-0.144897
25305.833213,-0.054337,-1.068619,-0.144897
25305.843315,-0.144897,-0.996170,-0.163010
25305.853405,-0.126785,-0.996170,-0.126785
25305.863513,-0.126785,-1.032394,-0.181122
25305.873618,-0.108673,-1.032394,-0.181122
25305.883975,-0.144897,-1.032394,-0.090561
25305.892698,-0.072449,-1.086731,-0.090561
25305.902746,-0.090561,-1.032394,-0.126785
25305.913995,-0.090561,-1.068619,-0.126785
25305.924097,-0.126785,-1.014282,-0.163010
25305.934204,-0.126785,-0.996170,-0.163010
25305.944299,-0.108673,-1.014282,-0.181122
25305.954657,-0.072449,-1.068619,-0.126785
25305.964581,-0.144897,-1.014282,-0.126785
25305.974679,-0.090561,-1.050507,-0.144897
25305.984698,-0.090561,-1.068619,-0.163010
25305.994868,-0.072449,-1.068619,-0.126785
25306.003765,-0.072449,-1.068619,-0.163010
25306.015224,-0.054337,-1.068619,-0.108673
25306.025106,-0.108673,-1.014282,-0.126785
25306.035210,-0.054337,-1.068619,-0.090561
25306.045282,-0.054337,-1.050507,-0.163010
25306.055402,-0.090561,-1.068619,-0.144897
25306.065591,-0.126785,-1.014282,-0.163010
25306.075627,-0.126785,-1.014282,-0.163010
25306.085689,-0.072449,-1.068619,-0.090561
25306.096046,-0.054337,-1.086731,-0.144897
25306.105917,-0.090561,-1.014282,-0.126785
25306.116183,-0.072449,-1.014282,-0.126785
25306.126077,-0.090561,-1.032394,-0.144897
25306.135986,-0.054337,-1.086731,-0.090561
25306.145941,-0.072449,-1.014282,-0.126785
25306.156377,-0.072449,-1.086731,-0.090561
25306.166484,-0.108673,-1.050507,-0.163010
25306.176624,-0.144897,-0.996170,-0.163010
25306.186732,-0.144897,-1.068619,-0.163010
25306.196106,-0.054337,-1.068619,-0.163010
25306.207070,-0.090561,-1.050507,-0.163010
25306.216954,-0.054337,-1.104843,-0.126785
25306.227406,-0.090561,-1.068619,-0.108673
25306.237203,-0.054337,-1.068619,-0.108673
25306.247311,-0.090561,-1.050507,-0.144897
25306.257417,-0.126785,-1.032394,-0.108673
25306.267624,-0.072449,-1.068619,-0.126785
25306.277663,-0.108673,-1.014282,-0.181122
25306.287770,-0.108673,-1.014282,-0.144897
25306.298163,-0.072449,-1.050507,-0.126785
25306.307718,-0.126785,-1.014282,-0.144897
25306.318082,-0.072449,-1.068619,-0.090561
25306.328212,-0.072449,-1.050507,-0.126785
25306.338784,-0.072449,-1.050507,-0.090561
25306.348446,-0.072449,-1.050507,-0.181122
25306.358545,-0.108673,-1.014282,-0.163010
25306.368683,-0.090561,-1.050507,-0.108673
25306.378937,-0.126785,-1.032394,-0.090561
25306.387721,-0.090561,-1.050507,-0.163010
25306.398300,-0.072449,-1.086731,-0.108673
25306.407885,-0.126785,-1.014282,-0.144897
25306.419197,-0.054337,-1.068619,-0.144897
25306.429398,-0.072449,-1.068619,-0.090561
25306.439361,-0.090561,-1.032394,-0.108673
25306.448700,-0.072449,-1.068619,-0.144897
25306.459764,-0.144897,-1.032394,-0.126785
25306.469825,-0.108673,-1.050507,-0.181122
25306.479426,-0.072449,-1.086731,-0.108673
25306.489905,-0.108673,-1.050507,-0.126785
25306.500272,-0.090561,-1.068619,-0.126785
25306.510200,-0.090561,-1.068619,-0.144897
25306.520179,-0.072449,-1.068619,-0.144897
25306.530390,-0.144897,-0.996170,-0.181122
25306.540492,-0.126785,-0.996170,-0.181122
25306.550633,-0.072449,-1.050507,-0.163010
25306.560279,-0.090561,-1.068619,-0.181122
25306.570840,-0.090561,-1.032394,-0.126785
25306.580965,-0.090561,-1.068619,-0.126785
25306.591087,-0.108673,-1.032394,-0.108673
25306.600557,-0.090561,-1.032394,-0.090561
25306.611306,-0.108673,-1.050507,-0.108673
25306.621496,-0.072449,-1.050507,-0.144897
25306.631572,-0.090561,-1.032394,-0.126785
25306.640863,-0.072449,-1.068619,-0.144897
25306.651783,-0.072449,-1.068619,-0.126785
25306.661963,-0.144897,-0.996170,-0.144897
25306.671974,-0.144897,-1.014282,-0.144897
25306.681933,-0.163010,-1.014282,-0.163010
25306.692201,-0.126785,-0.996170,-0.163010
25306.702128,-0.072449,-1.050507,-0.163010
25306.712373,-0.072449,-1.068619,-0.108673
25306.721556,-0.144897,-0.996170,-0.199234
25306.732466,-0.090561,-1.086731,-0.126785
25306.742662,-0.090561,-1.050507,-0.181122
25306.752673,-0.090561,-1.050507,-0.126785
25306.761824,-0.072449,-1.032394,-0.181122
25306.772853,-0.072449,-1.050507,-0.126785
25306.783003,-0.108673,-1.032394,-0.108673
25306.793230,-0.072449,-1.068619,-0.163010
25306.802189,-0.090561,-1.068619,-0.144897
25306.813241,-0.144897,-1.014282,-0.163010
25306.823340,-0.126785,-1.014282,-0.144897
25306.833430,-0.126785,-1.014282,-0.163010
25306.842817,-0.126785,-1.014282,-0.163010
25306.853620,-0.090561,-1.050507,-0.144897
25306.863710,-0.126785,-0.996170,-0.144897
25306.873800,-0.144897,-0.996170,-0.144897
25306.883061,-0.090561,-1.068619,-0.126785
25306.893360,-0.108673,-0.996170,-0.126785
25306.902938,-0.072449,-1.068619,-0.144897
25306.914277,-0.144897,-1.014282,-0.144897
25306.924237,-0.108673,-1.050507,-0.163010
25306.934353,-0.090561,-1.050507,-0.181122
25306.944485,-0.108673,-1.068619,-0.144897
25306.954829,-0.090561,-1.050507,-0.108673
25306.964642,-0.072449,-1.068619,-0.144897
25306.973937,-0.108673,-1.068619,-0.108673
25306.984889,-0.072449,-1.050507,-0.181122
25306.995019,-0.108673,-1.032394,-0.199234
25307.005275,-0.144897,-1.014282,-0.181122
25307.015422,-0.126785,-1.014282,-0.144897
25307.025234,-0.126785,-1.050507,-0.108673
25307.035313,-0.072449,-1.050507,-0.181122
25307.045491,-0.054337,-1.068619,-0.108673
25307.055560,-0.126785,-0.996170,-0.108673
25307.065761,-0.054337,-1.068619,-0.144897
25307.075706,-0.054337,-1.068619,-0.108673
25307.085839,-0.126785,-1.032394,-0.163010
25307.095973,-0.072449,-1.050507,-0.126785
25307.106009,-0.126785,-1.014282,-0.163010
25307.116218,-0.108673,-1.032394,-0.126785
25307.126384,-0.126785,-1.014282,-0.163010
25307.136381,-0.108673,-1.050507,-0.163010
25307.146400,-0.108673,-1.032394,-0.108673
25307.156505,-0.108673,-1.014282,-0.163010
25307.166585,-0.144897,-1.014282,-0.126785
25307.176713,-0.126785,-0.996170,-0.126785
25307.186829,-0.090561,-1.068619,-0.144897
25307.196839,-0.108673,-0.996170,-0.163010
25307.206849,-0.072449,-1.068619,-0.108673
25307.217299,-0.072449,-1.068619,-0.163010
25307.227235,-0.126785,-1.014282,-0.163010
25307.237338,-0.108673,-1.014282,-0.163010
25307.247432,-0.108673,-1.068619,-0.126785
25307.257575,-0.108673,-1.032394,-0.126785
25307.267915,-0.072449,-1.050507,-0.126785
25307.277865,-0.090561,-1.050507,-0.144897
25307.287894,-0.126785,-1.050507,-0.108673
25307.298228,-0.126785,-1.050507,-0.126785
25307.308098,-0.108673,-1.050507,-0.108673
25307.318233,-0.163010,-0.996170,-0.163010
25307.328377,-0.072449,-1.086731,-0.126785
25307.338476,-0.090561,-1.050507,-0.181122
25307.348673,-0.090561,-1.068619,-0.126785
25307.358687,-0.072449,-1.086731,-0.144897
25307.368832,-0.090561,-1.050507,-0.108673
25307.379017,-0.054337,-1.068619,-0.090561
25307.387894,-0.126785,-1.014282,-0.181122
25307.397983,-0.144897,-1.014282,-0.163010
25307.408140,-0.144897,-1.014282,-0.144897
25307.419338,-0.072449,-1.050507,-0.144897
25307.429382,-0.072449,-1.086731,-0.163010
25307.439510,-0.090561,-1.068619,-0.163010
25307.448575,-0.144897,-1.014282,-0.144897
25307.459741,-0.072449,-1.068619,-0.126785
25307.470006,-0.126785,-1.014282,-0.181122
25307.480003,-0.126785,-0.996170,-0.181122
25307.490068,-0.126785,-1.032394,-0.181122
25307.500264,-0.126785,-1.032394,-0.144897
25307.510436,-0.144897,-1.014282,-0.144897
25307.520660,-0.144897,-1.014282,-0.181122
25307.530491,-0.090561,-1.068619,-0.144897
25307.540633,-0.090561,-1.032394,-0.163010
25307.550745,-0.108673,-1.014282,-0.144897
25307.560851,-0.090561,-1.068619,-0.144897
25307.570977,-0.108673,-1.032394,-0.163010
25307.581096,-0.108673,-1.032394,-0.126785
25307.591192,-0.090561,-1.068619,-0.126785
25307.601461,-0.126785,-1.014282,-0.144897
25307.611393,-0.072449,-1.086731,-0.144897
25307.621517,-0.090561,-1.050507,-0.108673
25307.631807,-0.090561,-1.050507,-0.126785
25307.641825,-0.108673,-1.050507,-0.181122
25307.652431,-0.126785,-1.014282,-0.144897
25307.661951,-0.090561,-1.068619,-0.163010
25307.672001,-0.090561,-1.050507,-0.108673
25307.682201,-0.144897,-0.996170,-0.163010
25307.692751,-0.108673,-1.032394,-0.199234
25307.702391,-0.072449,-1.068619,-0.163010
25307.712412,-0.072449,-1.068619,-0.163010
25307.722650,-0.072449,-1.068619,-0.181122
25307.733074,-0.144897,-0.996170,-0.181122
25307.742711,-0.126785,-1.014282,-0.126785
25307.753047,-0.090561,-1.068619,-0.163010
25307.763072,-0.090561,-1.068619,-0.163010
25307.773365,-0.108673,-1.032394,-0.199234
25307.783155,-0.072449,-1.068619,-0.126785
25307.793310,-0.163010,-1.014282,-0.163010
25307.803231,-0.090561,-1.050507,-0.108673
25307.813604,-0.090561,-1.068619,-0.144897
25307.823521,-0.054337,-1.068619,-0.126785
25307.833595,-0.090561,-1.050507,-0.126785
25307.843717,-0.090561,-1.050507,-0.108673
25307.853915,-0.108673,-1.050507,-0.108673
25307.863926,-0.126785,-1.032394,-0.126785
25307.874015,-0.090561,-1.050507,-0.126785
25307.884304,-0.126785,-1.032394,-0.163010
25307.893151,-0.072449,-1.014282,-0.163010
25307.903119,-0.090561,-1.068619,-0.126785
25307.914448,-0.090561,-1.068619,-0.144897
25307.924462,-0.108673,-1.068619,-0.108673
25307.934580,-0.072449,-1.050507,-0.144897
25307.944716,-0.072449,-1.068619,-0.181122
25307.954954,-0.072449,-1.068619,-0.144897
25307.964862,-0.072449,-1.068619,-0.163010
25307.974667,-0.072449,-1.050507,-0.181122
25307.985077,-0.126785,-1.014282,-0.163010
25307.995337,-0.126785,-1.014282,-0.163010
25308.005533,-0.144897,-0.996170,-0.144897
25308.014823,-0.072449,-1.068619,-0.144897
25308.025502,-0.108673,-0.996170,-0.144897
25308.035567,-0.072449,-1.050507,-0.181122
25308.045680,-0.126785,-1.050507,-0.126785
25308.055912,-0.090561,-1.032394,-0.181122
25308.065987,-0.144897,-1.068619,-0.126785
25308.076071,-0.126785,-0.996170,-0.181122
25308.086074,-0.144897,-0.996170,-0.163010
25308.096359,-0.144897,-1.032394,-0.126785
25308.106286,-0.090561,-1.050507,-0.181122
25308.116464,-0.108673,-1.032394,-0.199234
25308.126556,-0.090561,-1.050507,-0.126785
25308.136739,-0.090561,-1.050507,-0.108673
25308.146683,-0.108673,-1.050507,-0.144897
25308.156821,-0.126785,-1.014282,-0.144897
25308.166922,-0.090561,-1.050507,-0.199234
25308.177001,-0.108673,-1.014282,-0.163010
25308.187093,-0.072449,-1.050507,-0.181122
25308.197133,-0.072449,-1.014282,-0.144897
25308.207223,-0.126785,-1.014282,-0.126785
25308.217426,-0.126785,-1.014282,-0.126785
25308.227589,-0.108673,-1.032394,-0.163010
25308.237616,-0.108673,-1.050507,-0.126785
25308.247732,-0.144897,-1.014282,-0.144897
25308.257882,-0.144897,-1.032394,-0.163010
25308.268230,-0.144897,-0.996170,-0.144897
25308.278095,-0.090561,-1.068619,-0.126785
25308.288464,-0.072449,-1.068619,-0.126785
25308.298422,-0.126785,-1.014282,-0.199234
25308.307302,-0.126785,-1.014282,-0.163010
25308.317409,-0.072449,-1.068619,-0.163010
25308.328581,-0.126785,-1.032394,-0.163010
25308.338697,-0.090561,-1.050507,-0.126785
25308.348869,-0.054337,-1.068619,-0.144897
25308.358937,-0.090561,-1.068619,-0.181122
25308.369034,-0.054337,-1.068619,-0.126785
25308.379143,-0.126785,-1.050507,-0.163010
25308.388122,-0.072449,-1.068619,-0.163010
25308.398156,-0.090561,-1.050507,-0.108673
25308.408279,-0.108673,-1.050507,-0.163010
25308.419601,-0.126785,-1.014282,-0.126785
25308.429643,-0.108673,-0.996170,-0.144897
25308.439783,-0.108673,-1.014282,-0.163010
25308.448794,-0.072449,-1.014282,-0.163010
25308.459560,-0.072449,-1.050507,-0.163010
25308.470329,-0.090561,-1.050507,-0.108673
25308.480430,-0.072449,-1.050507,-0.163010
25308.490286,-0.126785,-1.014282,-0.163010
25308.500639,-0.108673,-1.014282,-0.181122
25308.510656,-0.090561,-1.050507,-0.108673
25308.520716,-0.126785,-1.014282,-0.144897
25308.530802,-0.090561,-1.068619,-0.144897
25308.540826,-0.090561,-1.086731,-0.108673
25308.550940,-0.072449,-1.068619,-0.126785
25308.561038,-0.108673,-1.032394,-0.163010
25308.571151,-0.072449,-1.050507,-0.144897
25308.581507,-0.054337,-1.068619,-0.108673
25308.591415,-0.090561,-1.068619,-0.126785
25308.601560,-0.108673,-1.050507,-0.108673
25308.611610,-0.072449,-1.068619,-0.126785
25308.621719,-0.144897,-0.996170,-0.126785
25308.631828,-0.163010,-1.014282,-0.144897
25308.642115,-0.072449,-1.050507,-0.163010
25308.652014,-0.090561,-1.068619,-0.126785
25308.662096,-0.090561,-1.050507,-0.108673
25308.672200,-0.108673,-1.014282,-0.144897
25308.682413,-0.090561,-1.032394,-0.181122
25308.692480,-0.090561,-1.050507,-0.126785
25308.702852,-0.108673,-1.032394,-0.181122
25308.712613,-0.072449,-1.068619,-0.144897
25308.722708,-0.144897,-1.014282,-0.108673
25308.732890,-0.108673,-1.014282,-0.126785
25308.742884,-0.090561,-1.050507,-0.163010
25308.753056,-0.090561,-1.068619,-0.126785
25308.763219,-0.072449,-1.086731,-0.108673
25308.773236,-0.090561,-1.032394,-0.090561
25308.783328,-0.090561,-1.068619,-0.163010
25308.793439,-0.072449,-1.068619,-0.108673
25308.803552,-0.072449,-1.068619,-0.108673
25308.813656,-0.072449,-1.050507,-0.181122
25308.824265,-0.090561,-1.032394,-0.181122
25308.833850,-0.072449,-1.050507,-0.126785
25308.843984,-0.108673,-1.050507,-0.163010
25308.854066,-0.126785,-1.014282,-0.144897
25308.864182,-0.126785,-1.032394,-0.090561
25308.874258,-0.126785,-1.032394,-0.108673
25308.884544,-0.126785,-0.996170,-0.163010
25308.893325,-0.108673,-1.032394,-0.126785
25308.903478,-0.108673,-1.032394,-0.181122
25308.914639,-0.108673,-1.032394,-0.126785
25308.924830,-0.126785,-1.014282,-0.163010
25308.934866,-0.072449,-1.050507,-0.199234
25308.944982,-0.126785,-0.996170,-0.181122
25308.955146,-0.108673,-1.050507,-0.163010
25308.965295,-0.126785,-1.050507,-0.163010
25308.975343,-0.144897,-1.014282,-0.163010
25308.985518,-0.072449,-1.068619,-0.163010
25308.995704,-0.108673,-1.032394,-0.126785
25309.005927,-0.144897,-1.014282,-0.181122
25309.015845,-0.126785,-0.996170,-0.126785
25309.025764,-0.144897,-0.996170,-0.126785
25309.035857,-0.090561,-1.050507,-0.108673
25309.045964,-0.072449,-1.086731,-0.108673
25309.056066,-0.144897,-1.014282,-0.163010
25309.066244,-0.072449,-1.068619,-0.126785
25309.076266,-0.144897,-1.014282,-0.163010
25309.086359,-0.108673,-1.032394,-0.163010
25309.096539,-0.108673,-1.050507,-0.108673
25309.106801,-0.126785,-1.014282,-0.144897
25309.116734,-0.126785,-1.014282,-0.181122
25309.126708,-0.108673,-1.014282,-0.181122
25309.137012,-0.090561,-1.032394,-0.144897
25309.146953,-0.144897,-1.014282,-0.163010
25309.156440,-0.072449,-1.068619,-0.144897
25309.167166,-0.072449,-1.050507,-0.108673
25309.177232,-0.072449,-1.050507,-0.126785
25309.187342,-0.072449,-1.068619,-0.126785
25309.197395,-0.072449,-1.068619,-0.144897
25309.207731,-0.126785,-1.014282,-0.126785
25309.217674,-0.090561,-1.050507,-0.181122
25309.227780,-0.144897,-1.014282,-0.144897
25309.238061,-0.090561,-1.014282,-0.163010
25309.248078,-0.126785,-1.032394,-0.108673
25309.258164,-0.072449,-1.032394,-0.181122
25309.268282,-0.126785,-1.032394,-0.108673
25309.278392,-0.144897,-0.996170,-0.144897
25309.287991,-0.072449,-1.068619,-0.181122
25309.298860,-0.108673,-1.032394,-0.108673
25309.308660,-0.163010,-1.014282,-0.126785
25309.319230,-0.126785,-1.014282,-0.108673
25309.328922,-0.144897,-1.014282,-0.126785
25309.338994,-0.090561,-1.050507,-0.163010
25309.349143,-0.072449,-1.032394,-0.181122
25309.359532,-0.090561,-1.032394,-0.144897
25309.369382,-0.126785,-0.996170,-0.144897
25309.379542,-0.054337,-1.068619,-0.126785
25309.388441,-0.108673,-1.032394,-0.126785
25309.398515,-0.108673,-1.014282,-0.144897
25309.408583,-0.126785,-1.014282,-0.181122
25309.419827,-0.072449,-1.050507,-0.090561
25309.430104,-0.054337,-1.050507,-0.181122
25309.440082,-0.054337,-1.014282,-0.163010
25309.449081,-0.126785,-1.014282,-0.163010
25309.460252,-0.072449,-1.068619,-0.126785
25309.470600,-0.054337,-1.068619,-0.144897
25309.480518,-0.126785,-1.014282,-0.163010
25309.490629,-0.108673,-1.032394,-0.126785
25309.500813,-0.072449,-1.068619,-0.108673
25309.510819,-0.108673,-1.014282,-0.144897
25309.520819,-0.054337,-1.086731,-0.181122
25309.530974,-0.108673,-1.032394,-0.126785
25309.541148,-0.108673,-1.032394,-0.181122
25309.551197,-0.072449,-1.068619,-0.126785
25309.561324,-0.072449,-1.050507,-0.108673
25309.571418,-0.126785,-0.996170,-0.163010
25309.581590,-0.126785,-1.014282,-0.163010
25309.591657,-0.072449,-1.068619,-0.108673
25309.601837,-0.090561,-1.032394,-0.108673
25309.611880,-0.072449,-1.068619,-0.108673
25309.621968,-0.072449,-1.068619,-0.108673
25309.632201,-0.144897,-1.014282,-0.163010
25309.642443,-0.126785,-1.032394,-0.163010
25309.652316,-0.144897,-1.014282,-0.163010
25309.662455,-0.054337,-1.068619,-0.090561
25309.672521,-0.072449,-1.068619,-0.163010
25309.682648,-0.054337,-1.068619,-0.126785
25309.692959,-0.054337,-1.068619,-0.181122
25309.702971,-0.072449,-1.086731,-0.090561
25309.712877,-0.072449,-1.068619,-0.108673
25309.723007,-0.108673,-1.014282,-0.163010
25309.733123,-0.072449,-1.068619,-0.144897
25309.743288,-0.108673,-1.014282,-0.144897
25309.753310,-0.126785,-0.996170,-0.163010
25309.763567,-0.126785,-1.068619,-0.126785
25309.773518,-0.072449,-1.068619,-0.144897
25309.783595,-0.072449,-1.086731,-0.144897
25309.793714,-0.126785,-0.996170,-0.163010
25309.804014,-0.072449,-1.068619,-0.108673
25309.813894,-0.126785,-1.050507,-0.163010
25309.823997,-0.108673,-1.050507,-0.163010
25309.834102,-0.072449,-1.032394,-0.163010
25309.844204,-0.126785,-1.014282,-0.163010
25309.854293,-0.126785,-1.014282,-0.144897
25309.864401,-0.090561,-1.068619,-0.144897
25309.874539,-0.090561,-1.050507,-0.144897
25309.884713,-0.126785,-1.014282,-0.163010
25309.893653,-0.108673,-1.050507,-0.163010
25309.903644,-0.072449,-1.032394,-0.126785
25309.914823,-0.090561,-1.014282,-0.163010
25309.924912,-0.126785,-1.014282,-0.181122
25309.933961,-0.072449,-1.068619,-0.126785
25309.944039,-0.072449,-1.014282,-0.126785
25309.955444,-0.108673,-1.032394,-0.144897
25309.965007,-0.126785,-0.996170,-0.163010
25309.975465,-0.054337,-1.068619,-0.108673
25309.985608,-0.090561,-1.032394,-0.163010
25309.995867,-0.126785,-1.014282,-0.163010
25310.005765,-0.072449,-1.050507,-0.108673
25310.016175,-0.090561,-1.086731,-0.163010
25310.025991,-0.054337,-1.068619,-0.090561
25310.036104,-0.090561,-1.014282,-0.144897
25310.046194,-0.054337,-1.068619,-0.108673
25310.056298,-0.108673,-0.996170,-0.144897
25310.066422,-0.054337,-1.068619,-0.126785
25310.076555,-0.090561,-1.068619,-0.181122
25310.086641,-0.090561,-1.068619,-0.126785
25310.096805,-0.090561,-1.068619,-0.126785
25310.106829,-0.072449,-1.050507,-0.126785
25310.117026,-0.072449,-1.068619,-0.144897
25310.127024,-0.108673,-1.032394,-0.163010
25310.137304,-0.090561,-1.032394,-0.144897
25310.147229,-0.072449,-1.032394,-0.144897
25310.157335,-0.072449,-1.068619,-0.144897
25310.167439,-0.090561,-1.068619,-0.126785
25310.177538,-0.090561,-1.068619,-0.090561
25310.187670,-0.072449,-1.050507,-0.126785
25310.197704,-0.072449,-1.050507,-0.126785
25310.207769,-0.090561,-0.996170,-0.163010
25310.217959,-0.090561,-1.014282,-0.163010
25310.228105,-0.072449,-1.068619,-0.126785
25310.238190,-0.054337,-1.086731,-0.108673
25310.248415,-0.072449,-1.068619,-0.126785
25310.258398,-0.054337,-1.068619,-0.126785
25310.268589,-0.126785,-0.996170,-0.144897
25310.278634,-0.072449,-1.086731,-0.108673
25310.288754,-0.072449,-1.068619,-0.126785
25310.299167,-0.072449,-1.050507,-0.144897
25310.309218,-0.090561,-1.014282,-0.163010
25310.319091,-0.054337,-1.032394,-0.126785
25310.329217,-0.054337,-1.068619,-0.108673
25310.339327,-0.126785,-1.014282,-0.181122
25310.349501,-0.090561,-1.050507,-0.108673
25310.359555,-0.126785,-0.996170,-0.163010
25310.369678,-0.090561,-1.050507,-0.163010
25310.380063,-0.126785,-1.014282,-0.163010
25310.388693,-0.126785,-1.014282,-0.144897
25310.398812,-0.090561,-1.014282,-0.144897
25310.408911,-0.090561,-1.014282,-0.163010
25310.420233,-0.108673,-1.050507,-0.181122
25310.430240,-0.090561,-0.996170,-0.181122
25310.440368,-0.072449,-1.032394,-0.144897
25310.449998,-0.054337,-1.068619,-0.108673
25310.460585,-0.072449,-1.032394,-0.144897
25310.470819,-0.036224,-1.068619,-0.108673
25310.480866,-0.072449,-1.032394,-0.126785
25310.490905,-0.108673,-1.032394,-0.163010
25310.501080,-0.108673,-1.050507,-0.163010
25310.511352,-0.054337,-1.068619,-0.163010
25310.521227,-0.090561,-1.032394,-0.108673
25310.531486,-0.072449,-1.068619,-0.108673
25310.541439,-0.108673,-1.032394,-0.163010
25310.551545,-0.072449,-1.032394,-0.126785
25310.561666,-0.072449,-1.068619,-0.126785
25310.571780,-0.054337,-1.050507,-0.108673
25310.582185,-0.126785,-1.014282,-0.163010
25310.591970,-0.054337,-1.086731,-0.126785
25310.602341,-0.054337,-1.032394,-0.126785
25310.612183,-0.054337,-1.086731,-0.108673
25310.622288,-0.144897,-1.014282,-0.144897
25310.632410,-0.126785,-1.032394,-0.163010
25310.642640,-0.072449,-1.032394,-0.163010
25310.652572,-0.126785,-0.996170,-0.181122
25310.662681,-0.072449,-1.086731,-0.126785
25310.672797,-0.126785,-1.014282,-0.181122
25310.683013,-0.090561,-1.032394,-0.108673
25310.693151,-0.108673,-0.996170,-0.181122
25310.703255,-0.090561,-1.050507,-0.181122
25310.713174,-0.072449,-1.032394,-0.108673
25310.723286,-0.036224,-1.068619,-0.090561
25310.732949,-0.036224,-1.068619,-0.163010
25310.743442,-0.108673,-1.014282,-0.144897
25310.753613,-0.054337,-1.014282,-0.144897
25310.763722,-0.054337,-1.086731,-0.108673
25310.773743,-0.054337,-1.068619,-0.090561
25310.783843,-0.072449,-1.032394,-0.108673
25310.793930,-0.126785,-1.014282,-0.126785
25310.804112,-0.054337,-1.068619,-0.126785
25310.814216,-0.108673,-1.014282,-0.181122
25310.824384,-0.054337,-1.068619,-0.108673
25310.834310,-0.108673,-1.014282,-0.163010
25310.844404,-0.126785,-1.014282,-0.126785
25310.854602,-0.090561,-1.032394,-0.108673
25310.864735,-0.072449,-1.050507,-0.126785
25310.874705,-0.108673,-0.996170,-0.163010
25310.884885,-0.072449,-1.068619,-0.108673
25310.893806,-0.072449,-1.032394,-0.181122
25310.903849,-0.072449,-1.068619,-0.126785
25310.914741,-0.126785,-1.014282,-0.144897
25310.925185,-0.054337,-1.068619,-0.181122
25310.935385,-0.126785,-1.014282,-0.144897
25310.945408,-0.054337,-1.086731,-0.108673
25310.955582,-0.054337,-1.086731,-0.108673
25310.965493,-0.072449,-1.086731,-0.126785
25310.975875,-0.126785,-1.014282,-0.163010
25310.985808,-0.072449,-1.068619,-0.144897
25310.996073,-0.036224,-1.050507,-0.181122
25311.005018,-0.072449,-1.068619,-0.144897
25311.016344,-0.072449,-1.068619,-0.144897
25311.026213,-0.036224,-1.068619,-0.108673
25311.036290,-0.054337,-1.086731,-0.144897
25311.046395,-0.126785,-0.996170,-0.144897
25311.056499,-0.126785,-1.014282,-0.163010
25311.066614,-0.090561,-1.014282,-0.144897
25311.076688,-0.072449,-1.050507,-0.144897
25311.086788,-0.054337,-1.068619,-0.144897
25311.097062,-0.108673,-0.996170,-0.163010
25311.106994,-0.054337,-1.086731,-0.144897
25311.117161,-0.054337,-1.068619,-0.108673
25311.127190,-0.126785,-1.014282,-0.163010
25311.137450,-0.072449,-1.050507,-0.108673
25311.147382,-0.090561,-1.050507,-0.126785
25311.157491,-0.072449,-1.068619,-0.108673
25311.167612,-0.054337,-1.068619,-0.108673
25311.177739,-0.072449,-1.050507,-0.108673
25311.187935,-0.072449,-1.068619,-0.144897
25311.197977,-0.072449,-1.050507,-0.108673
25311.208126,-0.072449,-1.068619,-0.108673
25311.218168,-0.090561,-1.014282,-0.163010
25311.228300,-0.090561,-1.014282,-0.163010
25311.238422,-0.126785,-1.032394,-0.108673
25311.248521,-0.108673,-1.014282,-0.163010
25311.258875,-0.072449,-1.068619,-0.108673
25311.268485,-0.126785,-1.014282,-0.163010
25311.278858,-0.072449,-1.068619,-0.126785
25311.288962,-0.144897,-0.996170,-0.163010
25311.299362,-0.126785,-1.032394,-0.090561
25311.309184,-0.108673,-0.996170,-0.108673
25311.319298,-0.090561,-0.996170,-0.144897
25311.329424,-0.072449,-1.050507,-0.181122
25311.339561,-0.090561,-1.014282,-0.144897
25311.349695,-0.072449,-1.032394,-0.163010
25311.359768,-0.072449,-1.032394,-0.163010
25311.369887,-0.126785,-1.014282,-0.126785
25311.380168,-0.108673,-1.014282,-0.126785
25311.388943,-0.108673,-1.014282,-0.126785
25311.399024,-0.072449,-1.032394,-0.163010
25311.409144,-0.090561,-1.050507,-0.108673
25311.420406,-0.126785,-1.050507,-0.163010
25311.430424,-0.108673,-1.050507,-0.108673
25311.440549,-0.090561,-1.014282,-0.181122
25311.450721,-0.072449,-1.068619,-0.163010
25311.460771,-0.126785,-1.014282,-0.144897
25311.471106,-0.090561,-1.068619,-0.108673
25311.480970,-0.072449,-1.068619,-0.144897
25311.491008,-0.090561,-1.050507,-0.108673
25311.501375,-0.072449,-1.068619,-0.181122
25311.511472,-0.126785,-1.014282,-0.126785
25311.521303,-0.090561,-1.068619,-0.126785
25311.531548,-0.072449,-1.014282,-0.163010
25311.541657,-0.108673,-1.032394,-0.163010
25311.551745,-0.108673,-1.050507,-0.163010
25311.561882,-0.108673,-1.050507,-0.163010
25311.571962,-0.090561,-1.032394,-0.090561
25311.582178,-0.072449,-1.050507,-0.163010
25311.592198,-0.054337,-1.086731,-0.090561
25311.602380,-0.072449,-1.068619,-0.163010
25311.612369,-0.072449,-1.050507,-0.090561
25311.622509,-0.108673,-1.032394,-0.126785
25311.632637,-0.054337,-1.068619,-0.144897
25311.642761,-0.072449,-1.050507,-0.181122
25311.652769,-0.126785,-1.014282,-0.144897
25311.662888,-0.036224,-1.068619,-0.126785
25311.672981,-0.090561,-1.050507,-0.108673
25311.683105,-0.072449,-1.086731,-0.108673
25311.693275,-0.072449,-1.068619,-0.163010
25311.703447,-0.144897,-1.014282,-0.126785
25311.713370,-0.144897,-1.032394,-0.163010
25311.723500,-0.090561,-1.032394,-0.126785
25311.733588,-0.072449,-1.050507,-0.126785
25311.743707,-0.054337,-1.068619,-0.126785
25311.753791,-0.072449,-1.068619,-0.126785
25311.763968,-0.072449,-1.068619,-0.163010
25311.773978,-0.054337,-1.068619,-0.144897
25311.784097,-0.072449,-1.050507,-0.108673
25311.794268,-0.072449,-1.068619,-0.126785
25311.803701,-0.072449,-1.068619,-0.126785
25311.814349,-0.072449,-1.050507,-0.163010
25311.824435,-0.108673,-1.014282,-0.126785
25311.834519,-0.090561,-1.068619,-0.090561
25311.844630,-0.054337,-1.068619,-0.108673
25311.854717,-0.108673,-1.014282,-0.108673
25311.864893,-0.126785,-0.996170,-0.163010
25311.874909,-0.072449,-1.050507,-0.126785
25311.885198,-0.072449,-1.068619,-0.144897
25311.893978,-0.072449,-1.050507,-0.126785
25311.904059,-0.072449,-1.068619,-0.126785
25311.915092,-0.126785,-0.996170,-0.181122
25311.925412,-0.144897,-0.996170,-0.144897
25311.935524,-0.126785,-1.014282,-0.144897
25311.945604,-0.126785,-1.014282,-0.199234
25311.955800,-0.126785,-1.050507,-0.181122
25311.965940,-0.090561,-1.068619,-0.163010
25311.976180,-0.126785,-0.996170,-0.181122
25311.986023,-0.126785,-1.014282,-0.144897
25311.996147,-0.144897,-0.996170,-0.199234
25312.006341,-0.072449,-1.050507,-0.126785
25312.016484,-0.126785,-1.032394,-0.181122
25312.026428,-0.144897,-1.014282,-0.181122
25312.036508,-0.144897,-1.068619,-0.126785
25312.046621,-0.054337,-1.068619,-0.163010
25312.056754,-0.072449,-1.050507,-0.163010
25312.066835,-0.108673,-1.032394,-0.126785
25312.076922,-0.072449,-1.032394,-0.126785
25312.087031,-0.072449,-1.050507,-0.181122
25312.097217,-0.072449,-1.068619,-0.144897
25312.107330,-0.108673,-1.032394,-0.126785
25312.117421,-0.126785,-1.014282,-0.163010
25312.127334,-0.072449,-1.068619,-0.144897
25312.137643,-0.072449,-1.068619,-0.126785
25312.147652,-0.054337,-1.086731,-0.144897
25312.157774,-0.090561,-1.032394,-0.144897
25312.167916,-0.090561,-1.050507,-0.108673
25312.178034,-0.126785,-0.996170,-0.144897
25312.188127,-0.163010,-0.996170,-0.181122
25312.198313,-0.163010,-0.996170,-0.181122
25312.208184,-0.072449,-1.050507,-0.163010
25312.218483,-0.126785,-0.996170,-0.163010
25312.228596,-0.054337,-1.086731,-0.163010
25312.238731,-0.144897,-1.014282,-0.163010
25312.248964,-0.090561,-1.050507,-0.144897
25312.259031,-0.072449,-1.068619,-0.126785
25312.269166,-0.090561,-1.068619,-0.144897
25312.279190,-0.072449,-1.032394,-0.144897
25312.289390,-0.090561,-1.068619,-0.163010
25312.299677,-0.126785,-1.014282,-0.144897
25312.309508,-0.072449,-1.086731,-0.126785
25312.319622,-0.072449,-1.050507,-0.126785
25312.329732,-0.090561,-1.050507,-0.108673
25312.339315,-0.126785,-1.014282,-0.144897
25312.349947,-0.126785,-1.014282,-0.181122
25312.360090,-0.126785,-0.996170,-0.163010
25312.370160,-0.126785,-0.996170,-0.126785
25312.380366,-0.072449,-1.086731,-0.126785
25312.389227,-0.090561,-1.068619,-0.126785
25312.399321,-0.072449,-1.050507,-0.126785
25312.409421,-0.072449,-1.068619,-0.144897
25312.420767,-0.090561,-1.068619,-0.163010
25312.431120,-0.108673,-1.068619,-0.163010
25312.441339,-0.090561,-1.068619,-0.181122
25312.451364,-0.072449,-1.068619,-0.126785
25312.461473,-0.126785,-1.032394,-0.199234
25312.471821,-0.144897,-1.014282,-0.199234
25312.481734,-0.090561,-1.068619,-0.163010
25312.491666,-0.108673,-1.050507,-0.181122
25312.502066,-0.090561,-1.068619,-0.126785
25312.512145,-0.144897,-0.996170,-0.181122
25312.522007,-0.090561,-1.068619,-0.126785
25312.532314,-0.108673,-0.996170,-0.199234
25312.542293,-0.108673,-1.032394,-0.181122
25312.552386,-0.108673,-1.050507,-0.126785
25312.562494,-0.090561,-1.032394,-0.181122
25312.572575,-0.072449,-1.068619,-0.126785
25312.582734,-0.072449,-1.068619,-0.126785
25312.592778,-0.072449,-1.068619,-0.126785
25312.602937,-0.090561,-1.050507,-0.181122
25312.612951,-0.072449,-1.050507,-0.163010
25312.623063,-0.072449,-1.086731,-0.163010
25312.633168,-0.144897,-1.014282,-0.199234
25312.643305,-0.072449,-1.068619,-0.144897
25312.653373,-0.108673,-1.032394,-0.181122
25312.663459,-0.126785,-1.032394,-0.163010
25312.673641,-0.126785,-1.014282,-0.163010
25312.683670,-0.072449,-1.068619,-0.181122
25312.693832,-0.090561,-1.068619,-0.126785
25312.704004,-0.090561,-1.050507,-0.181122
25312.713923,-0.090561,-1.050507,-0.181122
25312.724057,-0.090561,-1.050507,-0.181122
25312.734144,-0.072449,-1.068619,-0.126785
25312.744245,-0.072449,-1.068619,-0.181122
25312.754420,-0.126785,-1.032394,-0.126785
25312.764449,-0.072449,-1.068619,-0.108673
25312.774516,-0.144897,-1.014282,-0.163010
25312.784634,-0.144897,-1.014282,-0.181122
25312.794725,-0.144897,-1.014282,-0.181122
25312.805015,-0.144897,-1.014282,-0.163010
25312.814978,-0.126785,-1.014282,-0.163010
25312.825044,-0.054337,-1.050507,-0.144897
25312.835128,-0.126785,-0.996170,-0.181122
25312.845235,-0.072449,-1.068619,-0.163010
25312.855341,-0.072449,-1.086731,-0.144897
25312.865525,-0.144897,-1.014282,-0.163010
25312.874831,-0.090561,-1.068619,-0.126785
25312.885852,-0.126785,-1.014282,-0.163010
25312.894548,-0.072449,-1.032394,-0.163010
25312.904762,-0.108673,-1.032394,-0.144897
25312.915239,-0.144897,-1.014282,-0.108673
25312.926145,-0.108673,-1.032394,-0.199234
25312.936089,-0.126785,-0.996170,-0.181122
25312.946192,-0.108673,-1.068619,-0.126785
25312.956557,-0.072449,-1.068619,-0.126785
25312.966247,-0.108673,-1.032394,-0.163010
25312.976596,-0.072449,-1.050507,-0.181122
25312.986625,-0.108673,-1.068619,-0.163010
25312.996740,-0.126785,-1.014282,-0.199234
25313.006914,-0.144897,-1.014282,-0.144897
25313.016929,-0.144897,-1.068619,-0.144897
25313.027025,-0.072449,-1.068619,-0.108673
25313.037140,-0.108673,-1.032394,-0.108673
25313.047223,-0.072449,-1.068619,-0.144897
25313.057354,-0.054337,-1.086731,-0.163010
25313.067435,-0.072449,-1.086731,-0.108673
25313.077585,-0.108673,-1.068619,-0.181122
25313.087679,-0.126785,-1.014282,-0.126785
25313.097800,-0.072449,-1.068619,-0.144897
25313.107806,-0.072449,-1.068619,-0.144897
25313.118160,-0.126785,-1.032394,-0.126785
25313.128116,-0.090561,-1.068619,-0.108673
25313.138477,-0.090561,-1.068619,-0.126785
25313.148479,-0.090561,-1.050507,-0.163010
25313.158444,-0.108673,-1.032394,-0.181122
25313.168563,-0.072449,-1.068619,-0.126785
25313.178843,-0.126785,-0.996170,-0.163010
25313.188752,-0.072449,-1.086731,-0.126785
25313.199177,-0.072449,-1.068619,-0.144897
25313.208813,-0.126785,-0.996170,-0.126785
25313.219127,-0.072449,-1.050507,-0.181122
25313.229248,-0.144897,-0.996170,-0.163010
25313.239385,-0.144897,-1.014282,-0.144897
25313.249611,-0.126785,-1.032394,-0.108673
25313.259584,-0.144897,-1.032394,-0.126785
25313.269707,-0.054337,-1.086731,-0.144897
25313.279848,-0.090561,-1.032394,-0.108673
25313.289955,-0.126785,-1.014282,-0.144897
25313.300263,-0.090561,-1.014282,-0.181122
25313.310174,-0.108673,-1.032394,-0.181122
25313.320272,-0.108673,-1.050507,-0.181122
25313.330415,-0.144897,-1.014282,-0.163010
25313.340516,-0.144897,-1.014282,-0.144897
25313.350670,-0.144897,-1.032394,-0.108673
25313.360747,-0.108673,-1.032394,-0.126785
25313.370879,-0.163010,-1.014282,-0.126785
25313.381242,-0.090561,-1.068619,-0.126785
25313.389942,-0.144897,-0.996170,-0.108673
25313.400026,-0.072449,-1.050507,-0.163010
25313.410102,-0.108673,-1.014282,-0.181122
25313.421375,-0.072449,-1.068619,-0.181122
25313.431392,-0.090561,-1.068619,-0.181122
25313.441528,-0.090561,-1.050507,-0.181122
25313.451642,-0.144897,-1.014282,-0.126785
25313.461748,-0.090561,-1.050507,-0.181122
25313.472012,-0.126785,-1.014282,-0.144897
25313.482022,-0.072449,-1.050507,-0.163010
25313.492086,-0.126785,-0.996170,-0.163010
25313.502369,-0.072449,-1.068619,-0.126785
25313.512455,-0.090561,-1.086731,-0.108673
25313.522422,-0.126785,-1.014282,-0.126785
25313.532478,-0.144897,-0.996170,-0.144897
25313.542577,-0.090561,-1.032394,-0.181122
25313.552673,-0.072449,-1.068619,-0.144897
25313.562768,-0.090561,-1.014282,-0.181122
25313.572873,-0.090561,-1.050507,-0.163010
25313.582995,-0.072449,-1.068619,-0.144897
25313.593071,-0.108673,-1.014282,-0.126785
25313.603425,-0.090561,-1.050507,-0.181122
25313.613252,-0.054337,-1.068619,-0.163010
25313.623385,-0.090561,-1.050507,-0.181122
25313.633465,-0.126785,-1.014282,-0.144897
25313.643828,-0.054337,-1.068619,-0.163010
25313.653674,-0.126785,-1.068619,-0.126785
25313.663780,-0.072449,-1.068619,-0.108673
25313.673883,-0.072449,-1.032394,-0.126785
25313.684035,-0.090561,-1.032394,-0.108673
25313.694271,-0.072449,-1.086731,-0.126785
25313.704309,-0.090561,-1.086731,-0.126785
25313.714206,-0.090561,-1.068619,-0.163010
25313.724299,-0.126785,-1.014282,-0.181122
25313.734431,-0.054337,-1.068619,-0.144897
25313.744519,-0.090561,-1.050507,-0.181122
25313.754625,-0.108673,-1.050507,-0.163010
25313.765016,-0.126785,-0.996170,-0.181122
25313.774815,-0.126785,-0.996170,-0.163010
25313.784909,-0.072449,-1.068619,-0.144897
25313.795017,-0.072449,-1.068619,-0.126785
25313.805284,-0.090561,-1.068619,-0.144897
25313.815250,-0.072449,-1.050507,-0.163010
25313.825293,-0.144897,-0.996170,-0.163010
25313.835410,-0.072449,-1.068619,-0.163010
25313.845498,-0.126785,-0.996170,-0.144897
25313.855619,-0.108673,-1.014282,-0.108673
25313.865730,-0.144897,-1.014282,-0.144897
25313.875820,-0.054337,-1.086731,-0.108673
25313.886069,-0.090561,-1.032394,-0.108673
25313.894848,-0.126785,-1.014282,-0.163010
25313.904953,-0.108673,-1.014282,-0.181122
25313.915315,-0.072449,-1.068619,-0.144897
25313.926315,-0.126785,-0.996170,-0.181122
25313.936638,-0.144897,-0.996170,-0.163010
25313.945821,-0.054337,-1.050507,-0.126785
25313.956933,-0.036224,-1.086731,-0.126785
25313.966754,-0.126785,-0.996170,-0.163010
25313.977047,-0.054337,-1.068619,-0.108673
25313.986885,-0.072449,-1.068619,-0.108673
25313.996985,-0.072449,-0.996170,-0.163010
25314.007148,-0.108673,-0.996170,-0.144897
25314.017437,-0.126785,-1.014282,-0.126785
25314.027313,-0.108673,-1.014282,-0.126785
25314.037396,-0.072449,-1.050507,-0.181122
25314.047533,-0.126785,-0.978058,-0.144897
25314.057641,-0.072449,-1.050507,-0.108673
25314.067760,-0.072449,-1.032394,-0.144897
25314.077869,-0.072449,-1.068619,-0.108673
25314.087993,-0.108673,-1.014282,-0.144897
25314.098155,-0.072449,-1.050507,-0.163010
25314.108417,-0.054337,-1.050507,-0.126785
25314.118406,-0.108673,-1.014282,-0.163010
25314.128408,-0.108673,-0.996170,-0.144897
25314.138614,-0.126785,-1.014282,-0.163010
25314.148677,-0.072449,-1.086731,-0.126785
25314.158766,-0.126785,-1.014282,-0.126785
25314.168869,-0.054337,-1.068619,-0.090561
25314.178973,-0.054337,-1.068619,-0.144897
25314.189295,-0.072449,-1.050507,-0.108673
25314.199452,-0.054337,-1.050507,-0.108673
25314.209194,-0.090561,-1.014282,-0.163010
25314.219400,-0.108673,-1.032394,-0.126785
25314.229540,-0.126785,-0.996170,-0.126785
25314.239633,-0.090561,-1.050507,-0.163010
25314.249853,-0.054337,-1.086731,-0.126785
25314.260051,-0.126785,-0.996170,-0.181122
25314.270139,-0.108673,-1.032394,-0.181122
25314.280225,-0.090561,-1.050507,-0.163010
25314.290366,-0.036224,-1.068619,-0.126785
25314.300571,-0.054337,-1.050507,-0.090561
25314.310498,-0.126785,-1.032394,-0.163010
25314.320717,-0.126785,-0.996170,-0.181122
25314.330857,-0.126785,-1.086731,-0.108673
25314.340965,-0.072449,-1.086731,-0.108673
25314.351080,-0.090561,-1.032394,-0.144897
25314.361204,-0.090561,-1.068619,-0.144897
25314.371381,-0.072449,-1.068619,-0.126785
25314.381680,-0.072449,-1.068619,-0.144897
25314.390402,-0.090561,-1.050507,-0.144897
25314.400459,-0.090561,-1.032394,-0.163010
25314.410560,-0.054337,-1.068619,-0.108673
25314.421827,-0.108673,-1.014282,-0.163010
25314.431692,-0.072449,-1.086731,-0.126785
25314.442118,-0.072449,-1.086731,-0.144897
25314.452078,-0.072449,-1.050507,-0.108673
25314.462193,-0.108673,-1.032394,-0.126785
25314.472363,-0.126785,-1.014282,-0.163010
25314.481733,-0.072449,-1.068619,-0.126785
25314.492460,-0.072449,-1.068619,-0.163010
25314.502737,-0.126785,-0.996170,-0.126785
25314.512826,-0.072449,-1.050507,-0.181122
25314.522715,-0.054337,-1.050507,-0.163010
25314.532892,-0.090561,-1.050507,-0.163010
25314.542957,-0.036224,-1.068619,-0.108673
25314.553042,-0.090561,-1.014282,-0.181122
25314.563145,-0.054337,-1.068619,-0.163010
25314.573246,-0.054337,-1.068619,-0.090561
25314.583343,-0.090561,-1.068619,-0.144897
25314.593462,-0.108673,-1.014282,-0.126785
25314.603803,-0.108673,-1.050507,-0.181122
25314.613633,-0.108673,-0.996170,-0.126785
25314.623756,-0.072449,-1.050507,-0.090561
25314.633925,-0.072449,-1.032394,-0.126785
25314.644106,-0.126785,-0.978058,-0.144897
25314.654075,-0.126785,-0.996170,-0.163010
25314.664178,-0.126785,-0.996170,-0.199234
25314.674252,-0.108673,-1.014282,-0.199234
25314.684350,-0.072449,-1.050507,-0.199234
25314.694534,-0.054337,-1.086731,-0.126785
25314.704697,-0.126785,-0.996170,-0.144897
25314.714723,-0.144897,-1.014282,-0.144897
25314.724793,-0.090561,-1.050507,-0.108673
25314.734838,-0.126785,-1.014282,-0.163010
25314.744930,-0.126785,-0.996170,-0.181122
25314.755030,-0.090561,-1.050507,-0.163010
25314.765439,-0.108673,-1.014282,-0.181122
25314.775238,-0.072449,-1.068619,-0.108673
25314.785338,-0.072449,-1.050507,-0.090561
25314.795432,-0.072449,-1.050507,-0.108673
25314.805797,-0.072449,-1.086731,-0.126785
25314.815707,-0.090561,-1.086731,-0.108673
25314.825736,-0.054337,-1.068619,-0.126785
25314.835836,-0.054337,-1.086731,-0.108673
25314.845919,-0.090561,-1.068619,-0.126785
25314.856036,-0.126785,-1.050507,-0.144897
25314.866251,-0.108673,-0.996170,-0.144897
25314.876242,-0.126785,-0.996170,-0.144897
25314.886543,-0.144897,-1.014282,-0.144897
25314.895305,-0.126785,-1.032394,-0.181122
25314.905515,-0.072449,-1.068619,-0.108673
25314.915508,-0.144897,-0.996170,-0.181122
25314.926666,-0.126785,-1.014282,-0.163010
25314.936782,-0.072449,-1.068619,-0.126785
25314.946938,-0.144897,-0.996170,-0.163010
25314.957151,-0.126785,-1.014282,-0.163010
25314.967072,-0.144897,-0.996170,-0.181122
25314.977329,-0.144897,-1.068619,-0.108673
25314.987290,-0.054337,-1.068619,-0.144897
25314.997366,-0.108673,-1.014282,-0.144897
25315.007597,-0.090561,-1.068619,-0.108673
25315.016940,-0.090561,-1.050507,-0.144897
25315.027667,-0.108673,-1.032394,-0.126785
25315.037805,-0.054337,-1.068619,-0.108673
25315.047898,-0.072449,-1.050507,-0.126785
25315.058023,-0.072449,-1.068619,-0.126785
25315.068137,-0.126785,-1.014282,-0.144897
25315.078252,-0.090561,-1.050507,-0.163010
25315.088351,-0.054337,-1.050507,-0.108673
25315.098483,-0.126785,-1.014282,-0.163010
25315.108661,-0.108673,-1.068619,-0.144897
25315.118778,-0.072449,-1.068619,-0.090561
25315.128800,-0.072449,-1.104843,-0.126785
25315.139010,-0.072449,-1.032394,-0.108673
25315.149095,-0.072449,-1.032394,-0.144897
25315.159114,-0.144897,-0.996170,-0.163010
25315.169240,-0.126785,-1.032394,-0.163010
25315.179368,-0.144897,-0.996170,-0.181122
25315.189452,-0.108673,-1.014282,-0.144897
25315.199776,-0.090561,-1.032394,-0.108673
25315.209766,-0.126785,-1.014282,-0.126785
25315.219797,-0.108673,-1.014282,-0.108673
25315.229909,-0.108673,-1.014282,-0.144897
25315.240062,-0.126785,-1.014282,-0.163010
25315.250152,-0.072449,-1.086731,-0.126785
25315.260371,-0.090561,-1.050507,-0.163010
25315.270342,-0.108673,-1.014282,-0.126785
25315.280462,-0.072449,-1.068619,-0.126785
25315.290588,-0.144897,-1.014282,-0.144897
25315.300781,-0.144897,-1.068619,-0.144897
25315.310833,-0.072449,-1.068619,-0.108673
25315.320916,-0.072449,-1.068619,-0.144897
25315.331035,-0.072449,-1.086731,-0.144897
25315.341147,-0.108673,-1.014282,-0.108673
25315.351342,-0.108673,-1.032394,-0.108673
25315.361397,-0.054337,-1.086731,-0.108673
25315.371500,-0.072449,-1.068619,-0.126785
25315.381909,-0.090561,-1.032394,-0.163010
25315.390588,-0.072449,-1.050507,-0.126785
25315.400645,-0.072449,-1.068619,-0.090561
25315.412113,-0.126785,-1.014282,-0.181122
25315.422080,-0.090561,-1.068619,-0.126785
25315.431805,-0.126785,-1.014282,-0.163010
25315.442288,-0.126785,-1.050507,-0.163010
25315.452521,-0.126785,-1.014282,-0.144897
25315.462575,-0.090561,-1.068619,-0.163010
25315.472639,-0.072449,-1.068619,-0.144897
25315.482731,-0.126785,-1.014282,-0.144897
25315.492764,-0.054337,-1.068619,-0.144897
25315.502917,-0.144897,-0.996170,-0.126785
25315.513100,-0.054337,-1.086731,-0.108673
25315.522960,-0.126785,-1.014282,-0.126785
25315.533152,-0.108673,-1.068619,-0.108673
25315.543258,-0.144897,-1.032394,-0.126785
25315.552790,-0.144897,-0.996170,-0.144897
25315.563520,-0.108673,-1.050507,-0.163010
25315.573619,-0.054337,-1.068619,-0.126785
25315.583717,-0.072449,-1.050507,-0.072449
25315.593808,-0.090561,-1.050507,-0.163010
25315.603984,-0.090561,-0.996170,-0.163010
25315.613984,-0.144897,-1.014282,-0.163010
25315.624121,-0.054337,-1.086731,-0.108673
25315.634305,-0.054337,-1.068619,-0.144897
25315.644210,-0.072449,-1.068619,-0.126785
25315.654388,-0.072449,-1.050507,-0.126785
25315.664524,-0.126785,-0.996170,-0.126785
25315.674635,-0.036224,-1.068619,-0.108673
25315.684711,-0.126785,-1.014282,-0.126785
25315.694966,-0.090561,-1.050507,-0.144897
25315.705079,-0.108673,-1.014282,-0.090561
25315.715093,-0.072449,-1.068619,-0.144897
25315.725101,-0.090561,-1.068619,-0.108673
25315.735188,-0.108673,-1.068619,-0.072449
25315.745290,-0.072449,-1.086731,-0.126785
25315.755392,-0.054337,-1.068619,-0.126785
25315.765800,-0.072449,-1.068619,-0.144897
25315.775595,-0.090561,-1.050507,-0.126785
25315.785693,-0.072449,-1.068619,-0.108673
25315.795832,-0.054337,-1.050507,-0.144897
25315.806068,-0.126785,-1.032394,-0.144897
25315.816064,-0.054337,-1.068619,-0.144897
25315.826098,-0.126785,-1.068619,-0.108673
25315.836202,-0.072449,-1.050507,-0.144897
25315.846280,-0.126785,-1.032394,-0.072449
25315.856385,-0.072449,-1.050507,-0.163010
25315.866495,-0.090561,-1.014282,-0.144897
25315.876679,-0.072449,-1.068619,-0.181122
25315.886738,-0.054337,-1.068619,-0.108673
25315.895651,-0.126785,-1.032394,-0.108673
25315.905731,-0.072449,-1.068619,-0.126785
25315.915824,-0.126785,-1.032394,-0.108673
25315.927028,-0.054337,-1.068619,-0.163010
25315.937126,-0.126785,-1.014282,-0.090561
25315.947235,-0.072449,-1.014282,-0.144897
25315.957425,-0.072449,-1.014282,-0.163010
25315.967523,-0.126785,-1.014282,-0.144897
25315.977649,-0.054337,-1.068619,-0.144897
25315.987780,-0.054337,-1.068619,-0.163010
25315.997128,-0.108673,-1.032394,-0.090561
25316.006764,-0.108673,-1.014282,-0.126785
25316.018234,-0.072449,-1.068619,-0.108673
25316.028124,-0.108673,-1.014282,-0.144897
25316.038236,-0.108673,-1.014282,-0.163010
25316.048490,-0.126785,-1.014282,-0.108673
25316.058452,-0.108673,-0.996170,-0.108673
25316.068575,-0.072449,-1.068619,-0.090561
25316.078711,-0.072449,-1.050507,-0.090561
25316.088572,-0.090561,-1.050507,-0.126785
25316.099106,-0.126785,-1.014282,-0.108673
25316.109131,-0.072449,-1.068619,-0.108673
25316.119255,-0.036224,-1.086731,-0.144897
25316.129276,-0.054337,-1.068619,-0.163010
25316.139583,-0.072449,-1.068619,-0.163010
25316.149645,-0.126785,-1.032394,-0.072449
25316.159603,-0.108673,-1.014282,-0.126785
25316.169747,-0.072449,-1.050507,-0.090561
25316.179870,-0.126785,-1.014282,-0.108673
25316.190065,-0.036224,-1.086731,-0.163010
25316.200152,-0.090561,-1.014282,-0.163010
25316.210285,-0.126785,-0.996170,-0.108673
25316.220294,-0.072449,-1.032394,-0.163010
25316.230405,-0.036224,-1.068619,-0.163010
25316.240545,-0.108673,-1.050507,-0.072449
25316.250671,-0.090561,-1.068619,-0.090561
25316.260929,-0.054337,-1.068619,-0.126785
25316.270877,-0.072449,-1.068619,-0.090561
25316.281007,-0.054337,-1.068619,-0.108673
25316.291108,-0.054337,-1.014282,-0.090561
25316.301291,-0.108673,-1.014282,-0.090561
25316.311418,-0.090561,-1.050507,-0.090561
25316.321366,-0.072449,-1.086731,-0.108673
25316.331651,-0.090561,-1.050507,-0.090561
25316.341677,-0.072449,-1.068619,-0.108673
25316.351791,-0.054337,-1.050507,-0.090561
25316.361980,-0.054337,-1.050507,-0.108673
25316.371990,-0.090561,-1.050507,-0.090561
25316.382248,-0.108673,-1.014282,-0.144897
25316.391062,-0.108673,-1.050507,-0.090561
25316.401161,-0.072449,-1.014282,-0.144897
25316.412331,-0.108673,-1.032394,-0.090561
25316.422461,-0.090561,-1.050507,-0.090561
25316.431948,-0.054337,-1.068619,-0.163010
25316.442649,-0.108673,-0.996170,-0.144897
25316.452762,-0.108673,-1.050507,-0.090561
25316.463024,-0.072449,-1.014282,-0.144897
25316.473125,-0.126785,-1.014282,-0.126785
25316.483029,-0.072449,-1.014282,-0.144897
25316.493162,-0.054337,-1.086731,-0.144897
25316.503517,-0.108673,-1.032394,-0.108673
25316.513500,-0.054337,-1.068619,-0.108673
25316.523456,-0.090561,-1.068619,-0.108673
25316.533532,-0.054337,-1.086731,-0.108673
25316.543635,-0.036224,-1.068619,-0.144897
25316.553744,-0.036224,-1.086731,-0.108673
25316.563832,-0.108673,-1.068619,-0.072449
25316.573946,-0.108673,-1.014282,-0.126785
25316.584052,-0.108673,-1.014282,-0.108673
25316.594146,-0.108673,-0.996170,-0.144897
25316.604414,-0.072449,-1.032394,-0.144897
25316.614348,-0.072449,-1.032394,-0.090561
25316.624128,-0.126785,-1.032394,-0.090561
25316.634609,-0.072449,-1.014282,-0.108673
25316.644515,-0.126785,-1.014282,-0.108673
25316.654731,-0.090561,-1.014282,-0.144897
25316.664886,-0.090561,-1.050507,-0.090561
25316.674948,-0.090561,-1.050507,-0.090561
25316.685058,-0.126785,-0.996170,-0.108673
25316.695312,-0.126785,-1.032394,-0.144897
25316.705377,-0.072449,-1.050507,-0.126785
25316.715643,-0.054337,-1.068619,-0.108673
25316.725439,-0.090561,-1.050507,-0.090561
25316.735523,-0.054337,-1.068619,-0.144897
25316.745623,-0.108673,-1.014282,-0.144897
25316.755833,-0.090561,-1.086731,-0.144897
25316.766059,-0.072449,-1.050507,-0.144897
25316.775923,-0.108673,-0.996170,-0.126785
25316.786024,-0.054337,-1.050507,-0.090561
25316.796143,-0.036224,-1.068619,-0.090561
25316.806319,-0.126785,-1.014282,-0.108673
25316.816363,-0.072449,-1.050507,-0.090561
25316.826446,-0.090561,-1.068619,-0.090561
25316.836522,-0.108673,-1.050507,-0.144897
25316.846652,-0.090561,-1.032394,-0.144897
25316.856749,-0.126785,-1.014282,-0.108673
25316.866903,-0.054337,-1.068619,-0.144897
25316.876931,-0.108673,-1.014282,-0.144897
25316.886782,-0.036224,-1.068619,-0.144897
25316.895999,-0.090561,-1.050507,-0.090561
25316.906069,-0.108673,-1.050507,-0.090561
25316.916335,-0.108673,-1.050507,-0.108673
25316.927365,-0.054337,-1.068619,-0.144897
25316.937489,-0.054337,-1.068619,-0.126785
25316.947765,-0.036224,-1.068619,-0.163010
25316.957829,-0.072449,-1.050507,-0.163010
25316.967960,-0.072449,-1.032394,-0.144897
25316.978162,-0.108673,-1.032394,-0.072449
25316.988029,-0.108673,-1.050507,-0.108673
25316.998479,-0.072449,-1.014282,-0.144897
25317.008415,-0.054337,-1.050507,-0.144897
25317.018505,-0.108673,-1.014282,-0.144897
25317.028448,-0.090561,-1.014282,-0.163010
25317.038666,-0.054337,-1.068619,-0.108673
25317.048772,-0.036224,-1.068619,-0.090561
25317.058820,-0.072449,-1.050507,-0.144897
25317.068912,-0.090561,-1.068619,-0.054337
25317.079046,-0.054337,-1.086731,-0.108673
25317.089162,-0.090561,-1.032394,-0.090561
25317.099387,-0.072449,-1.014282,-0.126785
25317.109544,-0.072449,-1.068619,-0.126785
25317.119576,-0.072449,-1.068619,-0.144897
25317.129582,-0.036224,-1.068619,-0.144897
25317.139777,-0.054337,-1.068619,-0.144897
25317.149857,-0.108673,-1.014282,-0.108673
25317.159799,-0.090561,-1.050507,-0.090561
25317.169830,-0.054337,-1.068619,-0.108673
25317.180269,-0.072449,-1.086731,-0.144897
25317.190391,-0.054337,-1.086731,-0.126785
25317.200468,-0.144897,-0.996170,-0.144897
25317.210705,-0.090561,-1.014282,-0.144897
25317.220636,-0.126785,-1.014282,-0.108673
25317.230847,-0.036224,-1.068619,-0.144897
25317.240866,-0.072449,-1.050507,-0.163010
25317.250988,-0.072449,-1.050507,-0.090561
25317.261088,-0.054337,-1.050507,-0.144897
25317.271202,-0.054337,-1.050507,-0.072449
25317.281481,-0.090561,-1.050507,-0.163010
25317.291432,-0.054337,-1.050507,-0.163010
25317.301551,-0.036224,-1.086731,-0.108673
25317.311738,-0.072449,-1.068619,-0.144897
25317.321778,-0.072449,-1.068619,-0.144897
25317.332105,-0.054337,-1.068619,-0.126785
25317.341972,-0.036224,-1.068619,-0.108673
25317.352125,-0.108673,-1.032394,-0.144897
25317.362189,-0.072449,-1.050507,-0.144897
25317.372281,-0.108673,-1.014282,-0.144897
25317.382662,-0.108673,-1.014282,-0.144897
25317.391369,-0.090561,-1.014282,-0.108673
25317.401447,-0.072449,-1.068619,-0.108673
25317.412659,-0.090561,-1.068619,-0.126785
25317.422766,-0.126785,-1.032394,-0.126785
25317.432020,-0.072449,-1.068619,-0.163010
25317.442961,-0.036224,-1.068619,-0.108673
25317.453069,-0.054337,-1.068619,-0.126785
25317.463167,-0.072449,-1.032394,-0.090561
25317.473450,-0.108673,-0.996170,-0.126785
25317.483423,-0.072449,-1.050507,-0.072449
25317.493456,-0.108673,-1.050507,-0.144897
25317.503619,-0.072449,-1.086731,-0.108673
25317.513623,-0.054337,-1.068619,-0.126785
25317.523778,-0.126785,-1.068619,-0.144897
25317.533884,-0.090561,-1.032394,-0.108673
25317.543957,-0.108673,-1.014282,-0.108673
25317.554085,-0.036224,-1.068619,-0.072449
25317.564164,-0.108673,-1.014282,-0.144897
25317.574285,-0.108673,-1.014282,-0.144897
25317.584363,-0.090561,-1.014282,-0.108673
25317.594476,-0.090561,-1.068619,-0.054337
25317.604637,-0.054337,-1.068619,-0.144897
25317.614728,-0.072449,-1.032394,-0.144897
25317.624758,-0.090561,-1.032394,-0.108673
25317.635038,-0.072449,-1.086731,-0.108673
25317.645039,-0.090561,-1.086731,-0.090561
25317.655059,-0.054337,-1.068619,-0.108673
25317.665165,-0.036224,-1.050507,-0.108673
25317.675257,-0.054337,-1.068619,-0.126785
25317.685347,-0.072449,-1.050507,-0.090561
25317.695521,-0.072449,-1.032394,-0.163010
25317.705719,-0.090561,-1.068619,-0.090561
25317.715673,-0.072449,-1.086731,-0.090561
25317.725922,-0.090561,-1.068619,-0.108673
25317.735838,-0.072449,-1.086731,-0.090561
25317.746047,-0.054337,-1.086731,-0.090561
25317.756068,-0.036224,-1.086731,-0.108673
25317.766547,-0.036224,-1.086731,-0.090561
25317.776277,-0.108673,-1.014282,-0.108673
25317.786343,-0.090561,-1.050507,-0.072449
25317.796466,-0.126785,-1.050507,-0.126785
25317.806616,-0.090561,-1.032394,-0.108673
25317.816637,-0.054337,-1.068619,-0.126785
25317.826763,-0.036224,-1.068619,-0.072449
25317.836855,-0.108673,-1.014282,-0.163010
25317.846928,-0.072449,-1.050507,-0.163010
25317.857077,-0.108673,-1.014282,-0.144897
25317.867153,-0.072449,-1.068619,-0.144897
25317.877340,-0.072449,-1.050507,-0.126785
25317.886949,-0.108673,-1.014282,-0.126785
25317.896319,-0.072449,-1.050507,-0.072449
25317.906394,-0.072449,-1.050507,-0.072449
25317.917004,-0.054337,-1.068619,-0.090561
25317.927730,-0.072449,-1.068619,-0.108673
25317.937876,-0.090561,-1.068619,-0.108673
25317.948178,-0.126785,-0.996170,-0.090561
25317.957997,-0.108673,-1.032394,-0.144897
25317.968226,-0.108673,-1.032394,-0.126785
25317.978286,-0.054337,-1.086731,-0.054337
25317.988374,-0.054337,-1.086731,-0.090561
25318.001082,-0.054337,-1.068619,-0.108673
25318.011764,-0.090561,-1.068619,-0.126785
25318.027543,-0.036224,-1.068619,-0.090561
25318.037625,-0.054337,-1.086731,-0.072449
25318.047714,-0.072449,-1.068619,-0.090561
25318.057764,-0.072449,-1.068619,-0.126785
25318.067889,-0.108673,-1.014282,-0.108673
25318.077943,-0.126785,-1.014282,-0.108673
25318.088028,-0.072449,-1.050507,-0.072449
25318.098095,-0.072449,-1.050507,-0.072449
25318.108177,-0.090561,-1.032394,-0.108673
25318.118272,-0.054337,-1.068619,-0.054337
25318.128362,-0.108673,-1.014282,-0.126785
25318.138405,-0.054337,-1.068619,-0.090561
25318.148490,-0.108673,-1.032394,-0.126785
25318.159734,-0.054337,-1.086731,-0.072449
25318.169840,-0.108673,-0.996170,-0.126785
25318.179966,-0.036224,-1.068619,-0.054337
25318.190072,-0.126785,-1.032394,-0.144897
25318.200115,-0.054337,-1.068619,-0.108673
25318.210478,-0.072449,-1.068619,-0.126785
25318.220416,-0.108673,-1.014282,-0.108673
25318.230864,-0.108673,-1.032394,-0.126785
25318.240623,-0.090561,-1.032394,-0.108673
25318.250750,-0.090561,-1.050507,-0.108673
25318.261051,-0.054337,-1.086731,-0.090561
25318.271021,-0.108673,-1.050507,-0.090561
25318.281075,-0.054337,-1.068619,-0.090561
25318.291197,-0.054337,-1.068619,-0.054337
25318.301342,-0.054337,-1.068619,-0.108673
25318.311586,-0.054337,-1.068619,-0.108673
25318.321552,-0.072449,-1.050507,-0.126785
25318.331807,-0.054337,-1.068619,-0.090561
25318.341798,-0.126785,-1.014282,-0.126785
25318.351971,-0.090561,-1.032394,-0.090561
25318.361983,-0.108673,-1.014282,-0.108673
25318.372111,-0.072449,-1.068619,-0.108673
25318.382486,-0.126785,-1.014282,-0.090561
25318.391158,-0.054337,-1.068619,-0.126785
25318.401240,-0.108673,-1.014282,-0.126785
25318.412604,-0.072449,-1.068619,-0.126785
25318.422535,-0.090561,-1.032394,-0.072449
25318.431949,-0.108673,-1.014282,-0.108673
25318.442757,-0.108673,-1.014282,-0.108673
25318.452836,-0.054337,-1.068619,-0.072449
25318.462939,-0.036224,-1.068619,-0.072449
25318.473167,-0.090561,-0.996170,-0.144897
25318.483331,-0.036224,-1.068619,-0.072449
25318.493298,-0.036224,-1.086731,-0.054337
25318.503561,-0.054337,-1.104843,-0.036224
25318.513511,-0.090561,-1.032394,-0.072449
25318.523578,-0.054337,-1.050507,-0.036224
25318.533678,-0.072449,-1.050507,-0.090561
25318.543787,-0.054337,-1.086731,-0.108673
25318.553889,-0.054337,-1.086731,-0.072449
25318.563966,-0.036224,-1.086731,-0.072449
25318.574070,-0.036224,-1.086731,-0.072449
25318.584184,-0.054337,-1.068619,-0.108673
25318.594281,-0.054337,-1.050507,-0.072449
25318.604536,-0.090561,-1.068619,-0.108673
25318.614485,-0.054337,-1.068619,-0.090561
25318.624585,-0.090561,-1.032394,-0.072449
25318.634741,-0.108673,-0.996170,-0.126785
25318.644756,-0.054337,-1.068619,-0.054337
25318.654863,-0.090561,-1.050507,-0.108673
25318.665128,-0.108673,-1.032394,-0.108673
25318.675050,-0.054337,-1.068619,-0.108673
25318.685182,-0.072449,-1.068619,-0.108673
25318.695333,-0.036224,-1.050507,-0.126785
25318.705440,-0.036224,-1.068619,-0.108673
25318.715506,-0.090561,-1.014282,-0.072449
25318.725561,-0.108673,-1.014282,-0.126785
25318.735831,-0.054337,-1.068619,-0.090561
25318.745748,-0.072449,-1.032394,-0.108673
25318.755876,-0.072449,-1.050507,-0.090561
25318.766655,-0.090561,-1.014282,-0.108673
25318.776061,-0.072449,-1.032394,-0.072449
25318.786176,-0.072449,-1.050507,-0.126785
25318.796248,-0.036224,-1.086731,-0.072449
25318.806523,-0.108673,-1.032394,-0.144897
25318.816498,-0.036224,-1.086731,-0.072449
25318.826604,-0.108673,-0.996170,-0.108673
25318.836711,-0.054337,-1.068619,-0.054337
25318.846801,-0.054337,-1.068619,-0.108673
25318.856927,-0.108673,-1.014282,-0.090561
25318.867000,-0.108673,-1.032394,-0.126785
25318.877101,-0.108673,-1.014282,-0.144897
25318.886894,-0.108673,-1.014282,-0.108673
25318.896164,-0.126785,-1.014282,-0.108673
25318.906250,-0.054337,-1.068619,-0.090561
25318.916890,-0.072449,-1.050507,-0.108673
25318.927549,-0.036224,-1.068619,-0.072449
25318.937673,-0.108673,-1.032394,-0.090561
25318.947895,-0.036224,-1.086731,-0.054337
25318.957984,-0.090561,-1.014282,-0.108673
25318.968159,-0.054337,-1.086731,-0.108673
25318.978203,-0.072449,-1.050507,-0.090561
25318.988406,-0.054337,-1.068619,-0.054337
25318.998338,-0.090561,-1.014282,-0.126785
25319.008119,-0.054337,-1.068619,-0.126785
25319.018620,-0.090561,-1.014282,-0.108673
25319.028591,-0.108673,-1.032394,-0.144897
25319.038711,-0.072449,-1.068619,-0.090561
25319.048954,-0.126785,-1.014282,-0.108673
25319.058934,-0.108673,-0.996170,-0.108673
25319.069058,-0.108673,-1.014282,-0.126785
25319.079182,-0.072449,-1.050507,-0.144897
25319.089306,-0.036224,-1.086731,-0.072449
25319.099495,-0.072449,-1.032394,-0.108673
25319.109675,-0.072449,-1.050507,-0.108673
25319.119824,-0.054337,-1.068619,-0.054337
25319.129716,-0.054337,-1.068619,-0.108673
25319.139949,-0.126785,-0.996170,-0.090561
25319.149945,-0.108673,-1.032394,-0.108673
25319.160061,-0.036224,-1.068619,-0.072449
25319.170175,-0.054337,-1.068619,-0.090561
25319.180294,-0.054337,-1.068619,-0.090561
25319.190400,-0.054337,-1.086731,-0.108673
25319.200473,-0.072449,-1.068619,-0.072449
25319.210623,-0.072449,-1.068619,-0.090561
25319.220720,-0.054337,-1.050507,-0.090561
25319.230869,-0.090561,-1.032394,-0.108673
25319.241062,-0.108673,-1.050507,-0.144897
25319.251054,-0.054337,-1.068619,-0.126785
25319.261337,-0.054337,-1.068619,-0.108673
25319.271305,-0.108673,-1.014282,-0.108673
25319.281459,-0.036224,-1.086731,-0.090561
25319.291516,-0.036224,-1.068619,-0.108673
25319.301909,-0.054337,-1.050507,-0.108673
25319.311938,-0.090561,-1.050507,-0.072449
25319.321946,-0.072449,-1.050507,-0.144897
25319.332000,-0.036224,-1.068619,-0.090561
25319.342016,-0.072449,-1.050507,-0.054337
25319.352108,-0.108673,-1.032394,-0.108673
25319.362197,-0.054337,-1.068619,-0.144897
25319.372311,-0.054337,-1.068619,-0.072449
25319.382660,-0.072449,-1.068619,-0.072449
25319.391368,-0.126785,-1.014282,-0.126785
25319.401443,-0.090561,-1.014282,-0.072449
25319.412671,-0.090561,-1.032394,-0.108673
25319.422751,-0.054337,-1.050507,-0.072449
25319.432006,-0.054337,-1.050507,-0.090561
25319.442971,-0.054337,-1.086731,-0.072449
25319.453063,-0.054337,-1.086731,-0.054337
25319.463144,-0.036224,-1.068619,-0.054337
25319.473410,-0.036224,-1.086731,-0.090561
25319.483332,-0.054337,-1.032394,-0.090561
25319.493528,-0.072449,-1.014282,-0.090561
25319.503546,-0.036224,-1.086731,-0.090561
25319.513751,-0.108673,-1.014282,-0.090561
25319.523736,-0.108673,-1.068619,-0.054337
25319.533824,-0.054337,-1.068619,-0.126785
25319.543275,-0.072449,-1.050507,-0.126785
25319.554017,-0.054337,-1.086731,-0.072449
25319.564098,-0.108673,-0.996170,-0.126785
25319.574205,-0.108673,-1.014282,-0.108673
25319.584308,-0.018112,-1.068619,-0.054337
25319.594433,-0.108673,-1.014282,-0.126785
25319.604567,-0.126785,-1.032394,-0.090561
25319.614734,-0.108673,-1.014282,-0.090561
25319.624702,-0.054337,-1.068619,-0.126785
25319.634965,-0.108673,-1.014282,-0.108673
25319.644803,-0.054337,-1.086731,-0.090561
25319.654999,-0.090561,-1.014282,-0.090561
25319.665102,-0.054337,-1.086731,-0.072449
25319.675191,-0.126785,-1.014282,-0.126785
25319.685306,-0.108673,-1.014282,-0.126785
25319.695478,-0.090561,-1.014282,-0.126785
25319.705570,-0.108673,-1.032394,-0.108673
25319.715754,-0.126785,-1.014282,-0.108673
25319.725705,-0.126785,-1.014282,-0.090561
25319.735783,-0.108673,-1.014282,-0.108673
25319.745984,-0.036224,-1.086731,-0.036224
25319.755993,-0.090561,-1.014282,-0.126785
25319.766407,-0.036224,-1.086731,-0.072449
25319.776208,-0.054337,-1.068619,-0.126785
25319.786328,-0.090561,-1.050507,-0.108673
25319.796415,-0.108673,-1.050507,-0.108673
25319.806569,-0.072449,-1.050507,-0.072449
25319.816599,-0.036224,-1.086731,-0.072449
25319.826689,-0.036224,-1.086731,-0.072449
25319.836769,-0.036224,-1.068619,-0.072449
25319.846913,-0.036224,-1.032394,-0.108673
25319.857020,-0.072449,-1.032394,-0.126785
25319.867116,-0.108673,-1.050507,-0.126785
25319.877293,-0.126785,-1.014282,-0.126785
25319.886924,-0.108673,-1.050507,-0.126785
25319.896269,-0.108673,-1.014282,-0.090561
25319.906355,-0.054337,-1.086731,-0.054337
25319.917035,-0.090561,-1.050507,-0.108673
25319.927663,-0.054337,-1.086731,-0.090561
25319.937789,-0.090561,-1.032394,-0.090561
25319.948003,-0.090561,-1.050507,-0.108673
25319.958094,-0.108673,-1.032394,-0.126785
25319.968276,-0.054337,-1.032394,-0.072449
25319.978176,-0.072449,-1.050507,-0.054337
25319.988343,-0.090561,-1.014282,-0.126785
25319.998530,-0.054337,-1.068619,-0.054337
25320.008609,-0.090561,-1.032394,-0.090561
25320.018891,-0.072449,-1.068619,-0.108673
25320.028764,-0.090561,-1.068619,-0.144897
25320.038896,-0.072449,-1.050507,-0.144897
25320.049016,-0.090561,-1.032394,-0.072449
25320.059123,-0.090561,-1.032394,-0.054337
25320.069229,-0.054337,-1.068619,-0.108673
25320.078645,-0.144897,-0.996170,-0.108673
25320.089417,-0.072449,-1.086731,-0.072449
25320.099579,-0.072449,-1.086731,-0.090561
25320.109894,-0.054337,-1.050507,-0.054337
25320.119919,-0.072449,-1.068619,-0.126785
25320.129841,-0.108673,-1.014282,-0.144897
25320.140058,-0.054337,-1.068619,-0.072449
25320.150038,-0.108673,-1.014282,-0.090561
25320.160182,-0.036224,-1.086731,-0.054337
25320.170293,-0.036224,-1.086731,-0.072449
25320.180425,-0.054337,-1.086731,-0.090561
25320.190522,-0.090561,-1.068619,-0.090561
25320.200759,-0.108673,-1.014282,-0.126785
25320.210933,-0.036224,-1.068619,-0.072449
25320.220848,-0.072449,-1.050507,-0.126785
25320.231017,-0.072449,-1.086731,-0.090561
25320.241095,-0.072449,-1.068619,-0.090561
25320.251477,-0.072449,-1.032394,-0.126785
25320.261410,-0.072449,-1.050507,-0.090561
25320.271437,-0.072449,-1.050507,-0.126785
25320.281560,-0.108673,-1.014282,-0.126785
25320.291632,-0.126785,-1.014282,-0.108673
25320.301770,-0.126785,-1.032394,-0.144897
25320.311973,-0.072449,-1.068619,-0.126785
25320.321982,-0.090561,-1.050507,-0.126785
25320.332190,-0.072449,-1.032394,-0.126785
25320.342202,-0.036224,-1.068619,-0.144897
25320.352298,-0.054337,-1.086731,-0.090561
25320.362400,-0.090561,-1.068619,-0.126785
25320.372505,-0.126785,-1.014282,-0.090561
25320.382913,-0.108673,-1.032394,-0.108673
25320.391585,-0.072449,-1.086731,-0.054337
25320.401656,-0.072449,-1.068619,-0.126785
25320.413040,-0.108673,-1.014282,-0.108673
25320.422968,-0.108673,-0.996170,-0.144897
25320.432044,-0.054337,-1.050507,-0.126785
25320.443192,-0.126785,-1.014282,-0.072449
25320.453278,-0.126785,-1.014282,-0.126785
25320.463387,-0.072449,-1.050507,-0.054337
25320.473531,-0.054337,-1.068619,-0.054337
25320.483635,-0.036224,-1.068619,-0.072449
25320.493662,-0.090561,-1.050507,-0.126785
25320.503828,-0.090561,-1.086731,-0.072449
25320.514026,-0.054337,-1.086731,-0.108673
25320.523947,-0.072449,-1.068619,-0.108673
25320.534083,-0.072449,-1.086731,-0.108673
25320.544152,-0.108673,-1.014282,-0.108673
25320.554245,-0.072449,-1.050507,-0.072449
25320.564348,-0.108673,-1.050507,-0.108673
25320.574470,-0.054337,-1.068619,-0.072449
25320.584558,-0.126785,-1.014282,-0.126785
25320.594663,-0.090561,-1.032394,-0.090561
25320.604821,-0.072449,-1.068619,-0.090561
25320.614111,-0.108673,-1.014282,-0.126785
25320.624922,-0.108673,-1.050507,-0.054337
25320.635098,-0.054337,-1.086731,-0.054337
25320.645134,-0.108673,-1.032394,-0.090561
25320.655236,-0.108673,-1.050507,-0.054337
25320.665453,-0.072449,-1.050507,-0.126785
25320.675446,-0.054337,-1.086731,-0.090561
25320.685535,-0.144897,-1.014282,-0.144897
25320.695713,-0.072449,-1.086731,-0.072449
25320.705809,-0.054337,-1.086731,-0.072449
25320.716001,-0.108673,-1.050507,-0.126785
25320.725922,-0.054337,-1.086731,-0.072449
25320.736033,-0.072449,-1.086731,-0.108673
25320.746143,-0.090561,-1.086731,-0.072449
25320.756382,-0.072449,-1.050507,-0.126785
25320.766512,-0.108673,-1.032394,-0.108673
25320.776434,-0.144897,-1.014282,-0.126785
25320.786543,-0.072449,-1.086731,-0.144897
25320.796630,-0.090561,-1.086731,-0.072449
25320.806885,-0.072449,-1.050507,-0.072449
25320.816632,-0.072449,-1.068619,-0.072449
25320.826926,-0.054337,-1.068619,-0.108673
25320.837026,-0.126785,-0.996170,-0.108673
25320.847119,-0.108673,-1.014282,-0.144897
25320.857233,-0.036224,-1.086731,-0.072449
25320.867321,-0.072449,-1.068619,-0.072449
25320.877529,-0.072449,-1.068619,-0.090561
25320.887051,-0.054337,-1.068619,-0.072449
25320.896482,-0.126785,-1.032394,-0.108673
25320.906586,-0.108673,-1.050507,-0.090561
25320.917035,-0.054337,-1.050507,-0.072449
25320.927888,-0.090561,-1.032394,-0.072449
25320.937991,-0.108673,-1.032394,-0.090561
25320.948146,-0.108673,-1.014282,-0.090561
25320.958215,-0.090561,-1.014282,-0.108673
25320.968476,-0.126785,-1.050507,-0.126785
25320.978548,-0.072449,-1.032394,-0.090561
25320.988714,-0.090561,-1.068619,-0.072449
25320.997511,-0.108673,-1.050507,-0.126785
25321.007582,-0.072449,-1.068619,-0.072449
25321.018939,-0.054337,-1.068619,-0.072449
25321.028907,-0.072449,-1.086731,-0.072449
25321.039011,-0.090561,-1.032394,-0.072449
25321.049151,-0.072449,-1.014282,-0.090561
25321.059274,-0.090561,-1.050507,-0.126785
25321.069364,-0.090561,-1.086731,-0.108673
25321.079484,-0.108673,-1.014282,-0.090561
25321.089605,-0.144897,-1.032394,-0.126785
25321.099746,-0.054337,-1.086731,-0.072449
25321.109935,-0.072449,-1.050507,-0.072449
25321.119941,-0.054337,-1.068619,-0.090561
25321.130068,-0.054337,-1.068619,-0.108673
25321.140415,-0.072449,-1.068619,-0.072449
25321.149700,-0.072449,-1.068619,-0.072449
25321.160384,-0.054337,-1.068619,-0.072449
25321.170513,-0.072449,-1.086731,-0.072449
25321.180611,-0.072449,-1.068619,-0.108673
25321.190757,-0.144897,-0.996170,-0.126785
25321.201065,-0.072449,-1.050507,-0.090561
25321.211117,-0.072449,-1.086731,-0.054337
25321.221065,-0.126785,-1.032394,-0.126785
25321.231187,-0.072449,-1.050507,-0.054337
25321.241372,-0.108673,-1.014282,-0.126785
25321.251421,-0.054337,-1.068619,-0.126785
25321.261711,-0.072449,-1.032394,-0.090561
25321.271625,-0.054337,-1.086731,-0.090561
25321.281798,-0.108673,-1.014282,-0.090561
25321.291859,-0.108673,-1.014282,-0.090561
25321.302064,-0.126785,-1.032394,-0.126785
25321.312225,-0.090561,-1.014282,-0.108673
25321.322192,-0.090561,-1.014282,-0.108673
25321.332448,-0.108673,-1.068619,-0.144897
25321.342385,-0.054337,-1.086731,-0.090561
25321.352507,-0.108673,-1.050507,-0.144897
25321.362607,-0.108673,-1.032394,-0.126785
25321.372702,-0.072449,-1.068619,-0.054337
25321.383009,-0.072449,-1.068619,-0.126785
25321.391770,-0.108673,-1.032394,-0.090561
25321.401835,-0.072449,-1.068619,-0.072449
25321.413046,-0.072449,-1.032394,-0.072449
25321.423148,-0.054337,-1.086731,-0.090561
25321.432221,-0.072449,-1.086731,-0.108673
25321.443330,-0.126785,-1.014282,-0.090561
25321.453421,-0.054337,-1.068619,-0.090561
25321.463530,-0.072449,-1.068619,-0.108673
25321.473801,-0.072449,-1.050507,-0.108673
25321.483774,-0.108673,-1.050507,-0.108673
25321.493832,-0.108673,-1.050507,-0.108673
25321.503941,-0.126785,-1.032394,-0.126785
25321.514083,-0.054337,-1.068619,-0.108673
25321.524130,-0.090561,-1.050507,-0.126785
25321.534217,-0.090561,-1.050507,-0.108673
25321.544408,-0.054337,-1.068619,-0.054337
25321.554419,-0.054337,-1.086731,-0.108673
25321.564539,-0.054337,-1.068619,-0.090561
25321.574620,-0.072449,-1.068619,-0.090561
25321.584722,-0.072449,-1.068619,-0.072449
25321.594802,-0.072449,-1.068619,-0.072449
25321.605009,-0.072449,-1.050507,-0.126785
25321.615164,-0.072449,-1.014282,-0.090561
25321.625106,-0.054337,-1.032394,-0.072449
25321.635385,-0.054337,-1.086731,-0.072449
25321.645311,-0.090561,-1.050507,-0.126785
25321.655398,-0.072449,-1.086731,-0.072449
25321.665653,-0.072449,-1.050507,-0.090561
25321.675614,-0.090561,-1.086731,-0.090561
25321.685507,-0.090561,-0.996170,-0.126785
25321.695924,-0.090561,-1.068619,-0.108673
25321.705879,-0.072449,-1.050507,-0.072449
25321.716185,-0.090561,-1.014282,-0.126785
25321.726091,-0.090561,-1.032394,-0.108673
25321.736168,-0.072449,-1.032394,-0.108673
25321.746281,-0.072449,-1.086731,-0.054337
25321.756374,-0.108673,-1.014282,-0.126785
25321.766735,-0.036224,-1.068619,-0.072449
25321.776602,-0.072449,-1.086731,-0.072449
25321.786685,-0.072449,-1.050507,-0.126785
25321.796778,-0.108673,-1.050507,-0.108673
25321.806966,-0.108673,-1.068619,-0.108673
25321.817083,-0.054337,-1.068619,-0.108673
25321.827250,-0.072449,-1.032394,-0.108673
25321.837193,-0.090561,-1.032394,-0.090561
25321.847278,-0.054337,-1.068619,-0.090561
25321.857407,-0.126785,-0.996170,-0.108673
25321.867538,-0.072449,-1.068619,-0.126785
25321.877704,-0.108673,-1.032394,-0.108673
25321.887148,-0.054337,-1.068619,-0.054337
25321.896662,-0.054337,-1.068619,-0.072449
25321.906795,-0.090561,-1.032394,-0.126785
25321.917053,-0.090561,-1.050507,-0.144897
25321.928081,-0.126785,-1.014282,-0.108673
25321.938205,-0.108673,-1.014282,-0.126785
25321.948211,-0.072449,-1.032394,-0.090561
25321.958426,-0.054337,-1.086731,-0.054337
25321.968702,-0.054337,-1.086731,-0.072449
25321.978594,-0.108673,-1.050507,-0.090561
25321.988806,-0.054337,-1.050507,-0.072449
25321.998867,-0.090561,-1.068619,-0.126785
25322.009033,-0.108673,-1.014282,-0.108673
25322.019262,-0.108673,-0.996170,-0.108673
25322.029192,-0.090561,-1.014282,-0.108673
25322.039324,-0.054337,-1.086731,-0.108673
25322.049477,-0.054337,-1.086731,-0.108673
25322.059543,-0.126785,-1.014282,-0.090561
25322.069637,-0.072449,-1.068619,-0.126785
25322.079778,-0.126785,-1.014282,-0.126785
25322.089904,-0.054337,-1.086731,-0.090561
25322.100012,-0.090561,-1.032394,-0.090561
25322.110208,-0.054337,-1.068619,-0.090561
25322.120386,-0.054337,-1.068619,-0.126785
25322.130310,-0.072449,-1.068619,-0.090561
25322.140517,-0.072449,-1.068619,-0.090561
25322.150545,-0.054337,-1.068619,-0.090561
25322.160661,-0.090561,-1.014282,-0.108673
25322.170764,-0.090561,-1.068619,-0.090561
25322.180925,-0.054337,-1.068619,-0.108673
25322.191023,-0.072449,-1.050507,-0.126785
25322.201339,-0.108673,-1.050507,-0.126785
25322.211325,-0.054337,-1.068619,-0.108673
25322.221035,-0.126785,-1.032394,-0.108673
25322.231587,-0.054337,-1.068619,-0.090561
25322.241564,-0.126785,-1.014282,-0.090561
25322.251681,-0.054337,-1.086731,-0.090561
25322.261957,-0.072449,-1.068619,-0.144897
25322.272156,-0.108673,-0.996170,-0.144897
25322.282112,-0.054337,-1.050507,-0.090561
25322.292111,-0.090561,-1.014282,-0.126785
25322.302202,-0.072449,-1.068619,-0.108673
25322.312467,-0.072449,-1.032394,-0.108673
25322.322386,-0.090561,-1.050507,-0.090561
25322.332499,-0.054337,-1.068619,-0.054337
25322.342590,-0.126785,-1.014282,-0.108673
25322.352673,-0.126785,-1.014282,-0.126785
25322.362781,-0.072449,-1.068619,-0.072449
25322.372901,-0.108673,-1.050507,-0.090561
25322.383097,-0.072449,-1.068619,-0.072449
